0.497342
0.475435
0.459884
0.432808
0.47619
0.464373
0.462538
0.476022
0.450152
0.471847
0.466284
0.471178
0.486301
0.468126
0.473804
0.451156
0.477498
0.452703
0.477879
0.456674
0.460059
0.414958
0.440503
0.462779
0.452273
0.4274
0.475787
0.456538
0.466591
0.450113
0.477053
0.474151
0.454884
0.483446
0.438106
0.464475
0.462272
0.462704
0.472805
0.462585
0.462329
0.441748
0.467125
0.465764
0.48665
0.456259
0.473664
0.438737
0.461982
0.460205
0.467626
0.48859
0.452771
0.453453
0.460808
0.450122
0.486547
0.471906
0.473408
0.476798
0.471591
0.449472
0.47381
0.449159
0.460227
0.474031
0.480258
0.458709
0.471591
0.439954
0.442555
0.474239
0.438537
0.465402
0.442278
0.464777
0.474793
0.436418
0.464751
0.455759
0.473364
0.430556
0.467391
0.451311
0.489911
0.445318
0.465503
0.440824
0.451422
0.502664
0.465152
0.467165
0.445448
0.483333
0.450617
0.450575
0.449924
0.482311
0.471847
0.473618
0.458238
0.48516
0.458141
0.474828
0.463752
0.478211
0.450339
0.477446
0.453443
0.468442
0.421815
0.448659
0.457096
0.445205
0.43662
0.457955
0.49314
0.467582
0.441154
0.480226
0.467667
0.461049
0.483409
0.459268
0.471655
0.469167
0.467994
0.46115
0.445461
0.470387
0.458232
0.463506
0.478495
0.478155
0.456358
0.469457
0.434251
0.46327
0.478111
0.466027
0.460578
0.48533
0.471407
0.484127
0.444173
0.484644
0.466819
0.488372
0.468774
0.470238
0.468182
0.479021
0.463506
0.471014
0.479167
0.450491
0.467136
0.483257
0.449324
0.444572
0.438128
0.449358
0.44721
0.496177
0.436042
0.46346
0.45618
0.483446
0.46177
0.461712
0.447368
0.465743
0.442697
0.455952
0.454089
0.476133
0.495561
0.448462
0.464672
0.498856
0.452816
0.450869
0.479214
0.451029
0.459387
0.441896
0.476808
0.486832
0.474456
0.469977
0.475266
0.461124
0.479452
0.456376
0.480843
0.450826
0.468345
0.44902
0.459073
0.421254
0.453364
0.458333
0.4414
0.435207
0.474515
0.451894
0.462329
0.467794
0.452923
0.479845
0.474793
0.464339
0.470076
0.464419
0.4601
0.479264
0.466279
0.468561
0.447816
0.444317
0.477395
0.487055
0.475379
0.475867
0.429281
0.44898
0.4796
0.478313
0.457346
0.475082
0.453443
0.454657
0.464932
0.480186
0.470963
0.482476
0.48764
0.470252
0.463396
0.479684
0.476788
0.46735
0.464871
0.462585
0.461098
0.445719
0.435227
0.480168
0.444059
0.448834
0.465986
0.436274
0.448864
0.469902
0.478976
0.463883
0.471973
0.449159
0.476684
0.447329
0.465438
0.48184
0.454682
0.424594
0.47856
0.45289
0.482038
0.477117
0.462083
0.482798
0.474621
0.473466
0.456636
0.452107
0.482227
0.484925
0.477778
0.457373
0.471966
0.476136
0.481693
0.483871
0.475591
0.45947
0.455026
0.46549
0.481183
0.464357
0.440476
0.424312
0.464433
0.428627
0.474066
0.488646
0.45805
0.464067
0.475728
0.459285
0.45366
0.484814
0.456538
0.46003
0.463009
0.448012
0.471049
0.462329
0.46892
0.438356
0.455502
0.484639
0.455782
0.499593
0.448224
0.461829
0.422018
0.466898
0.454869
0.479116
0.482435
0.465262
0.472411
0.438726
0.478788
0.489633
0.46549
0.477273
0.466438
0.482689
0.463636
0.470455
0.468531
0.459091
0.463218
0.475702
0.45994
0.473303
0.453725
0.438978
0.45785
0.461774
0.469834
0.441154
0.468939
0.465969
0.481061
0.458429
0.460354
0.44636
0.464692
0.447409
0.462783
0.458428
0.483051
0.428409
0.459698
0.458432
0.479583
0.479457
0.491954
0.446932
0.47032
0.45624
0.461416
0.463602
0.473118
0.460061
0.480549
0.481156
0.448659
0.472159
0.483871
0.466514
0.47032
0.47619
0.45694
0.465822
0.463529
0.477667
0.463685
0.4351
0.47648
0.467582
0.446682
0.474828
0.45267
0.457569
0.468037
0.457471
0.456761
0.483982
0.437656
0.476408
0.457562
0.454128
0.490566
0.480963
0.470747
0.459756
0.440259
0.502664
0.447154
0.465675
0.469977
0.458333
0.468345
0.448812
0.460761
0.43943
0.45915
0.452816
0.481655
0.471101
0.437834
0.441907
0.46472
0.439117
0.45042
0.423854
0.45948
0.453089
0.464067
0.491208
0.447126
0.496863
0.444699
0.441648
0.456422
0.478211
0.480278
0.469939
0.479024
0.449808
0.478836
0.442029
0.430428
0.467283
0.475096
0.470224
0.484145
0.453471
0.454288
0.494648
0.44878
0.470705
0.459391
0.447917
0.49186
0.491571
0.454809
0.454338
0.484018
0.472288
0.470814
0.466361
0.469662
0.482034
0.460833
0.460153
0.491551
0.471461
0.455099
0.458081
0.470387
0.469732
0.465347
0.45604
0.486698
0.479773
0.445211
0.470948
0.453479
0.458136
0.463768
0.446743
0.466361
0.448878
0.431211
0.470252
0.460717
0.467276
0.46697
0.478879
0.484779
0.498821
0.493151
0.452546
0.434401
0.476905
0.47397
0.463851
0.443489
0.459756
0.460426
0.44567
0.453252
0.459127
0.466825
0.45604
0.473458
0.462873
0.462873
0.46347
0.452838
0.437834
0.444444
0.414341
0.461187
0.453957
0.465214
0.472859
0.460245
0.433029
0.483607
0.471384
0.492754
0.446347
0.456804
0.459954
0.477879
0.449541
0.450306
0.464531
0.470767
0.464912
0.474419
0.471491
0.46773
0.456715
0.471901
0.503425
0.435615
0.448956
0.485352
0.45643
0.460833
0.503867
0.490015
0.452736
0.446469
0.465954
0.473684
0.485023
0.468894
0.469732
0.475355
0.458238
0.49656
0.463174
0.452923
0.484255
0.460101
0.468234
0.454062
0.478161
0.472425
0.454128
0.4777
0.47974
0.459547
0.448659
0.469108
0.449042
0.46248
0.463303
0.46875
0.482075
0.454118
0.451564
0.472222
0.480754
0.466211
0.471461
0.494673
0.500393
0.472671
0.473502
0.457285
0.481352
0.455882
0.464912
0.462602
0.448938
0.451294
0.473144
0.447689
0.448139
0.468119
0.4763
0.47541
0.460856
0.426185
0.467226
0.461187
0.474447
0.423135
0.440122
0.480874
0.442922
0.468037
0.464912
0.461861
0.461861
0.491228
0.437595
0.474066
0.453577
0.49884
0.43922
0.453089
0.430969
0.471014
0.423722
0.455201
0.477601
0.484145
0.468421
0.455502
0.469592
0.499239
0.43969
0.451003
0.471429
0.461181
0.479505
0.467083
0.490038
0.462035
0.446103
0.448747
0.470498
0.459127
0.478161
0.476788
0.476575
0.465675
0.466361
0.474037
0.451405
0.479499
0.483103
0.465657
0.461598
0.48139
0.485407
0.472477
0.490673
0.466667
0.453471
0.45712
0.474125
0.454511
0.424731
0.451372
0.468037
0.451537
0.450801
0.478691
0.473826
0.446483
0.460354
0.490509
0.45451
0.458819
0.470747
0.452088
0.455393
0.460896
0.460376
0.454065
0.479608
0.475513
0.459098
0.466828
0.455479
0.45682
0.430458
0.468417
0.452544
0.474828
0.465753
0.420852
0.493333
0.446556
0.443432
0.480484
0.478976
0.45881
0.457634
0.468037
0.437452
0.487414
0.455378
0.47032
0.450152
0.462156
0.467816
0.471842
0.445843
0.485507
0.437071
0.463174
0.477039
0.479118
0.452067
0.448395
0.472286
0.458237
0.459954
0.471451
0.458738
0.443902
0.459072
0.457294
0.431421
0.455275
0.441975
0.442933
0.457647
0.46445
0.483638
0.454789
0.446533
0.447368
0.442396
0.44636
0.458333
0.441132
0.42998
0.456456
0.464006
0.486831
0.466743
0.505246
0.443432
0.447574
0.472409
0.424316
0.474447
0.469108
0.458045
0.446833
0.446987
0.461223
0.457382
0.428333
0.428571
0.442555
0.479405
0.4375
0.429385
0.465388
0.453662
0.459387
0.448834
0.46908
0.469526
0.458915
0.442733
0.449309
0.482605
0.478142
0.488183
0.465295
0.469438
0.447619
0.473242
0.443155
0.455378
0.422062
0.455265
0.442177
0.439052
0.493784
0.4414
0.455531
0.44697
0.44825
0.463883
0.489461
0.450715
0.483982
0.448183
0.462293
0.45533
0.49736
0.475225
0.490616
0.48815
0.480348
0.454996
0.439462
0.47247
0.483819
0.461423
0.456298
0.473769
0.463004
0.437644
0.458022
0.450794
0.481481
0.455128
0.505352
0.471808
0.45977
0.463341
0.479879
0.471777
0.440532
0.466361
0.48
0.48048
0.453257
0.442396
0.46697
0.400685
0.466056
0.459821
0.460961
0.452771
0.445586
0.461275
0.466819
0.462329
0.4893
0.471116
0.446469
0.483494
0.477549
0.44898
0.44525
0.454965
0.469318
0.469053
0.467262
0.455606
0.442438
0.452618
0.468458
0.481783
0.466742
0.467582
0.473301
0.465596
0.453078
0.453592
0.477803
0.456832
0.46275
0.485889
0.46722
0.47718
0.423844
0.4758
0.463821
0.435435
0.430325
0.458719
0.43214
0.457002
0.46169
0.45533
0.42328
0.471705
0.469902
0.441781
0.475379
0.472851
0.459377
0.508178
0.4603
0.467978
0.478642
0.479592
0.463506
0.43994
0.440609
0.480931
0.44794
0.431799
0.419643
0.471396
0.46851
0.451156
0.499228
0.467716
0.432513
0.483051
0.479018
0.46675
0.45244
0.471719
0.453257
0.447174
0.464853
0.475647
0.431534
0.426988
0.468037
0.440092
0.440315
0.42523
0.452164
0.441781
0.441878
0.453829
0.469122
0.434783
0.45
0.467656
0.485133
0.469472
0.429224
0.45624
0.4843
0.438497
0.437939
0.444444
0.438398
0.453303
0.478228
0.447348
0.443287
0.434494
0.441089
0.462054
0.420437
0.451467
0.455607
0.448513
0.474031
0.475973
0.460497
0.470874
0.448457
0.454965
0.464891
0.466892
0.47549
0.466438
0.451537
0.49065
0.436451
0.436728
0.478873
0.451952
0.460808
0.425
0.457589
0.495726
0.432648
0.465841
0.458998
0.438636
0.467572
0.496106
0.426773
0.455026
0.485856
0.463964
0.454718
0.466667
0.474596
0.495485
0.426132
0.438676
0.485889
0.462393
0.454682
0.419463
0.439847
0.464912
0.46562
0.476798
0.477456
0.439836
0.485472
0.436809
0.4675
0.464313
0.46675
0.478161
0.489274
0.479545
0.46292
0.456368
0.497324
0.481567
0.494331
0.46705
0.500838
0.482838
0.468417
0.458525
0.474474
0.452982
0.477652
0.454789
0.49602
0.476078
0.475266
0.485974
0.493884
0.460426
0.468458
0.525081
0.475758
0.461391
0.48459
0.434932
0.456589
0.450603
0.473982
0.457583
0.474583
0.468798
0.4669
0.450645
0.462315
0.485126
0.466284
0.472831
0.44721
0.473545
0.48063
0.469592
0.460784
0.478211
0.451797
0.464539
0.463542
0.477995
0.459016
0.505267
0.47619
0.433333
0.459744
0.467949
0.439878
0.500758
0.48446
0.471147
0.491742
0.444697
0.450306
0.468254
0.451487
0.467582
0.475546
0.455556
0.484568
0.466819
0.482694
0.455782
0.46509
0.462538
0.469184
0.47808
0.453137
0.480031
0.471014
0.44898
0.470224
0.488701
0.474793
0.486279
0.440079
0.495802
0.47433
0.458955
0.464341
0.45462
0.451564
0.472159
0.450911
0.458333
0.442922
0.448157
0.468174
0.47974
0.438456
0.444958
0.464912
0.440503
0.457666
0.482536
0.436364
0.476917
0.477064
0.491708
0.455275
0.447368
0.504055
0.455371
0.42868
0.437398
0.458429
0.454406
0.457569
0.466274
0.444825
0.471737
0.477221
0.460807
0.431887
0.444706
0.451775
0.446621
0.470183
0.48751
0.450306
0.472603
0.485294
0.454965
0.464231
0.469512
0.454955
0.469589
0.495795
0.491443
0.46831
0.447135
0.439179
0.448565
0.420653
0.456013
0.464912
0.465452
0.502331
0.455275
0.487443
0.443043
0.443678
0.439741
0.449649
0.469939
0.463602
0.462835
0.478395
0.451405
0.482456
0.471648
0.45948
0.48318
0.462069
0.470008
0.45614
0.44693
0.465891
0.447108
0.453533
0.457627
0.44775
0.445476
0.454078
0.497141
0.489002
0.4351
0.465995
0.452269
0.460829
0.447267
0.465503
0.483796
0.461214
0.444312
0.474811
0.459584
0.453704
0.429012
0.437788
0.444316
0.465596
0.45535
0.481992
0.483563
0.439857
0.475571
0.422248
0.510779
0.457275
0.49022
0.470814
0.464996
0.473105
0.461124
0.464368
0.479263
0.481183
0.462302
0.47318
0.458647
0.486621
0.47397
0.473886
0.467538
0.494118
0.47729
0.460739
0.497537
0.481567
0.456322
0.435458
0.451613
0.457265
0.499615
0.483652
0.466088
0.422575
0.498762
0.4777
0.429724
0.468576
0.457224
0.451835
0.456911
0.453533
0.483525
0.515613
0.425499
0.439569
0.448037
0.426097
0.450461
0.491393
0.445084
0.455837
0.466898
0.429561
0.473643
0.455556
0.453746
0.496921
0.480415
0.462865
0.466898
0.465664
0.465822
0.45366
0.466121
0.454128
0.489024
0.462538
0.503292
0.45187
0.497024
0.467247
0.453101
0.424867
0.469939
0.474959
0.472222
0.455479
0.442993
0.457569
0.476462
0.457275
0.467337
0.43135
0.435164
0.441493
0.472097
0.474679
0.470948
0.474447
0.464464
0.4777
0.437452
0.49005
0.446865
0.462035
0.475669
0.464145
0.456804
0.464891
0.460516
0.479545
0.476462
0.464397
0.47619
0.460199
0.470498
0.481859
0.467656
0.468069
0.46
0.459293
0.490628
0.477498
0.4414
0.455285
0.475973
0.440724
0.494661
0.489353
0.466134
0.433818
0.480033
0.476303
0.438117
0.473333
0.470657
0.465686
0.460643
0.454436
0.466817
0.509324
0.468798
0.436927
0.461391
0.44763
0.43295
0.474629
0.458904
0.436398
0.460536
0.426727
0.462329
0.480258
0.448718
0.47806
0.453852
0.446771
0.489321
0.46735
0.450575
0.458904
0.453788
0.466744
0.46875
0.445833
0.462158
0.462085
0.494703
0.490764
0.471777
0.4662
0.46327
0.449924
0.452269
0.448894
0.465545
0.483525
0.472222
0.451835
0.449808
0.47831
0.425115
0.461009
0.460336
0.427918
0.462279
0.474125
0.482759
0.470881
0.444444
0.458524
0.473318
0.475973
0.47343
0.46133
0.502042
0.492194
0.482188
0.484886
0.476725
0.458537
0.466584
0.490443
0.449723
0.442152
0.43649
0.432268
0.451182
0.466514
0.459191
0.479833
0.435664
0.439602
0.504561
0.439847
0.50813
0.446606
0.454472
0.430268
0.480549
0.465753
0.477556
0.469577
0.46148
0.461303
0.448541
0.451163
0.448777
0.461686
0.462963
0.460717
0.46798
0.477778
0.495915
0.475712
0.445764
0.437259
0.458232
0.464067
0.50777
0.481176
0.455275
0.417049
0.479313
0.464933
0.46467
0.451945
0.466134
0.452325
0.480887
0.469559
0.458621
0.469412
0.454233
0.476682
0.439741
0.490061
0.461203
0.44964
0.426016
0.48063
0.389447
0.503205
0.404762
0.470469
0.457806
0.447665
0.478663
0.482014
0.469076
0.468119
0.447135
0.473769
0.482689
0.421353
0.452899
0.475502
0.441907
0.485944
0.464573
0.443639
0.504407
0.439578
0.478856
0.416882
0.44637
0.438415
0.410873
0.498282
0.39539
0.4318
0.430519
0.455669
0.467083
0.464828
0.461974
0.450201
0.448317
0.431891
0.465946
0.501199
0.461111
0.465144
0.389326
0.483613
0.431271
0.444042
0.459948
0.474021
0.44351
0.445996
0.470822
0.496377
0.429035
0.360636
0.473236
0.481526
0.485069
0.470732
0.491587
0.43568
0.471861
0.481333
0.393663
0.466424
0.459167
0.482201
0.448718
0.386683
0.39491
0.4485
0.445112
0.422471
0.424092
0.456013
0.421117
0.506395
0.462233
0.468425
0.46933
0.474773
0.481928
0.464084
0.471623
0.446715
0.468425
0.440386
0.464853
0.485407
0.474006
0.457741
0.464475
0.48751
0.473502
0.423844
0.43135
0.47032
0.407745
0.465986
0.458238
0.453257
0.477498
0.42868
0.458143
0.471836
0.466667
0.456818
0.476136
0.465373
0.45604
0.441043
0.433104
0.489508
0.508178
0.473301
0.496222
0.453366
0.460417
0.421736
0.485474
0.440033
0.462249
0.441292
0.46659
0.467876
0.448485
0.466895
0.476515
0.49053
0.457329
0.456916
0.49053
0.473118
0.469512
0.466364
0.449657
0.472019
0.471719
0.448106
0.458551
0.465833
0.447389
0.503425
0.471582
0.506961
0.439773
0.479405
0.416667
0.488068
0.496324
0.466667
0.478224
0.47018
0.465438
0.462745
0.44847
0.4659
0.489412
0.501554
0.48447
0.467433
0.484742
0.481612
0.481269
0.501916
0.481698
0.452759
0.477753
0.497324
0.459377
0.459407
0.493575
0.46415
0.465231
0.450758
0.483333
0.496544
0.466895
0.472749
0.45689
0.476135
0.476027
0.473256
0.416268
0.426097
0.477343
0.468561
0.41954
0.470998
0.44483
0.483449
0.460354
0.468966
0.463396
0.461774
0.444571
0.451724
0.491248
0.432422
0.452271
0.434932
0.489813
0.508936
0.473236
0.459854
0.505848
0.428922
0.464583
0.475694
0.450908
0.46875
0.440252
0.472222
0.460465
0.45672
0.456221
0.491629
0.467656
0.471461
0.498474
0.473817
0.461568
0.485417
0.440996
0.473236
0.461073
0.447006
0.462771
0.470387
0.428682
0.468333
0.498837
0.500768
0.490805
0.438372
0.416284
0.444699
0.475638
0.477623
0.473618
0.497549
0.444186
0.477124
0.471771
0.466511
0.501176
0.458433
0.455143
0.501961
0.492566
0.480505
0.479938
0.465584
0.498431
0.470833
0.49652
0.453162
0.474886
0.479985
0.500772
0.459954
0.456621
0.490487
0.451136
0.488492
0.47133
0.457111
0.47793
0.455083
0.468468
0.491023
0.477395
0.457936
0.44825
0.469178
0.452647
0.407197
0.457951
0.430969
0.477169
0.441781
0.448747
0.466435
0.452003
0.481189
0.459091
0.48536
0.461883
0.472222
0.463801
0.470541
0.498837
0.46095
0.454693
0.422922
0.498337
0.485126
0.468905
0.46283
0.458128
0.465465
0.433962
0.476457
0.457854
0.493994
0.473744
0.441309
0.478604
0.455782
0.459073
0.45533
0.495462
0.474679
0.464891
0.476935
0.467391
0.479811
0.455606
0.410522
0.444722
0.505787
0.497348
0.47619
0.469732
0.461073
0.468345
0.46614
0.471943
0.482335
0.456605
0.481255
0.468272
0.467073
0.485524
0.479892
0.491972
0.447222
0.488681
0.506604
0.486682
0.468939
0.467667
0.470657
0.469053
0.501147
0.464953
0.473664
0.491248
0.487796
0.458239
0.459176
0.490616
0.474157
0.482977
0.489535
0.473684
0.467125
0.462875
0.458047
0.480094
0.43894
0.444045
0.460245
0.436308
0.49277
0.461391
0.475862
0.460153
0.457666
0.454615
0.457666
0.487239
0.462069
0.478976
0.474828
0.469732
0.451945
0.475251
0.469522
0.448625
0.466823
0.526552
0.473448
0.454988
0.483926
0.504215
0.465
0.456715
0.480562
0.45586
0.435317
0.462624
0.480077
0.480168
0.442146
0.482877
0.463768
0.464832
0.449341
0.453577
0.451199
0.451453
0.494715
0.456621
0.450813
0.4635
0.472797
0.439184
0.464495
0.482985
0.452217
0.475479
0.464588
0.453471
0.473502
0.479358
0.490369
0.478445
0.448541
0.455774
0.435015
0.457925
0.495686
0.456453
0.478927
0.459142
0.469589
0.485237
0.459387
0.45042
0.483529
0.467136
0.468417
0.46705
0.468235
0.485126
0.45948
0.497701
0.487796
0.447248
0.461098
0.443555
0.44113
0.481395
0.46705
0.466974
0.472288
0.454301
0.469092
0.435957
0.439249
0.459491
0.426054
0.471648
0.466513
0.478445
0.46412
0.449693
0.458621
0.463218
0.485625
0.464506
0.47043
0.481226
0.475309
0.459677
0.464953
0.463481
0.453659
0.482394
0.525327
0.49183
0.473773
0.448403
0.494226
0.447083
0.448749
0.48139
0.456322
0.444444
0.463518
0.476025
0.478544
0.448422
0.483871
0.46275
0.450731
0.46738
0.462835
0.439167
0.45535
0.49878
0.452874
0.465041
0.44723
0.469977
0.427301
0.446667
0.482906
0.449962
0.461806
0.453101
0.451997
0.469451
0.460739
0.492063
0.477572
0.448183
0.481163
0.446112
0.452614
0.491745
0.461508
0.471451
0.476133
0.470055
0.486729
0.476905
0.450461
0.469733
0.47098
0.465517
0.494213
0.44902
0.485057
0.45458
0.508853
0.474654
0.451116
0.468582
0.442146
0.433333
0.482212
0.460717
0.454893
0.459321
0.469108
0.471507
0.44278
0.455236
0.454128
0.430969
0.477169
0.481269
0.471966
0.452107
0.44763
0.450801
0.456903
0.478345
0.457569
0.478593
0.466895
0.477064
0.451945
0.474865
0.457948
0.447411
0.479409
0.506911
0.472764
0.481013
0.442276
0.443475
0.498471
0.474773
0.440274
0.436111
0.457002
0.45766
0.470633
0.46705
0.488584
0.465753
0.47974
0.45846
0.456705
0.440298
0.450801
0.489051
0.456804
0.471278
0.46309
0.473563
0.458663
0.453865
0.444573
0.455275
0.469064
0.466435
0.461982
0.478642
0.460807
0.478111
0.476905
0.492881
0.477533
0.45766
0.45762
0.455837
0.454976
0.498431
0.468042
0.475422
0.489097
0.466903
0.443807
0.453746
0.466274
0.467843
0.471264
0.445586
0.48894
0.441569
0.476682
0.451945
0.444444
0.487385
0.469489
0.438838
0.435471
0.469064
0.479499
0.47032
0.448779
0.467045
0.481655
0.421254
0.426014
0.471081
0.43508
0.498488
0.459191
0.474771
0.462156
0.442293
0.450266
0.452544
0.491532
0.455759
0.481651
0.458712
0.480549
0.449242
0.487269
0.452765
0.454509
0.489899
0.510163
0.489024
0.479325
0.449434
0.456989
0.504566
0.47037
0.453704
0.449723
0.468632
0.477395
0.479167
0.45614
0.468561
0.440395
0.465373
0.457831
0.450688
0.437965
0.463636
0.494754
0.446987
0.456715
0.45994
0.465675
0.435258
0.449834
0.445594
0.441154
0.46875
0.462452
0.481312
0.466895
0.459757
0.481567
0.476354
0.462418
0.480785
0.44485
0.435868
0.46816
0.458429
0.480676
0.482436
0.498062
0.475591
0.449657
0.491745
0.45082
0.467276
0.477064
0.489828
0.494685
0.457672
0.50761
0.46331
0.442922
0.456621
0.469628
0.46697
0.461187
0.445893
0.509852
0.48913
0.43806
0.471235
0.485176
0.469089
0.447304
0.463104
0.449153
0.468293
0.443902
0.473366
0.494281
0.487368
0.443496
0.419106
0.450813
0.455033
0.492736
0.474515
0.482157
0.484262
0.491165
0.46683
0.457317
0.433766
0.486766
0.495682
0.468398
0.45154
0.4329
0.458111
0.48859
0.463652
0.460583
0.467254
0.459839
0.482391
0.448718
0.451626
0.461259
0.488701
0.454106
0.449675
0.464891
0.461538
0.466265
0.429983
0.480848
0.475325
0.482414
0.441082
0.461718
0.473708
0.469212
0.451574
0.480976
0.464869
0.463909
0.478663
0.473366
0.471605
0.497555
0.477632
0.478047
0.452443
0.472085
0.465833
0.470588
0.491003
0.470268
0.431177
0.443358
0.464315
0.488304
0.467419
0.460473
0.47555
0.452618
0.467794
0.480016
0.508943
0.46375
0.466989
0.471545
0.467391
0.471486
0.467871
0.458545
0.482335
0.448718
0.472222
0.463357
0.468397
0.489045
0.473624
0.490103
0.471847
0.472603
0.466514
0.451405
0.453577
0.473303
0.485921
0.450533
0.47836
0.474596
0.479545
0.47813
0.463636
0.461625
0.481315
0.451453
0.489796
0.488728
0.489922
0.47856
0.483414
0.474102
0.448749
0.448718
0.481312
0.484848
0.460737
0.456078
0.482733
0.477343
0.454343
0.462794
0.478228
0.481607
0.476998
0.461275
0.481439
0.490099
0.4462
0.454911
0.47197
0.465781
0.467634
0.45533
0.49055
0.447761
0.444828
0.46267
0.466744
0.471014
0.463636
0.465309
0.468632
0.474596
0.457763
0.464461
0.47619
0.471951
0.465743
0.473705
0.473303
0.463889
0.49374
0.469308
0.489346
0.457382
0.4669
0.458333
0.471147
0.474006
0.470998
0.464715
0.472782
0.465675
0.46729
0.465543
0.479024
0.475601
0.438537
0.492152
0.460111
0.463518
0.454374
0.4707
0.46485
0.434161
0.489852
0.464067
0.463183
0.453078
0.465373
0.464912
0.465373
0.451182
0.450688
0.461568
0.442542
0.460137
0.460648
0.425968
0.479592
0.468182
0.470211
0.486142
0.456422
0.479167
0.491525
0.488345
0.477346
0.478102
0.461153
0.444579
0.457711
0.482496
0.493432
0.458333
0.451143
0.477102
0.4659
0.44258
0.431126
0.473348
0.492852
0.458899
0.445919
0.458998
0.488007
0.4462
0.452381
0.462879
0.483454
0.462714
0.445946
0.46124
0.487148
0.448276
0.445076
0.495746
0.461686
0.462879
0.461829
0.464015
0.460739
0.458047
0.479167
0.460218
0.495122
0.454685
0.467054
0.44419
0.463007
0.501956
0.476301
0.465214
0.422374
0.462227
0.479313
0.48554
0.467816
0.453596
0.460586
0.475336
0.447108
0.474299
0.448949
0.496949
0.461249
0.428733
0.462172
0.455766
0.470747
0.458333
0.463602
0.481043
0.427273
0.482786
0.463518
0.460526
0.448864
0.463768
0.461009
0.463005
0.453364
0.475479
0.453364
0.452217
0.464912
0.472608
0.432268
0.462794
0.458047
0.482197
0.469697
0.45948
0.493884
0.480226
0.469237
0.509327
0.476016
0.491162
0.434712
0.5
0.497318
0.496287
0.454509
0.449961
0.474679
0.467283
0.455606
0.436834
0.468939
0.478409
0.446712
0.440619
0.44533
0.509926
0.452652
0.452846
0.457285
0.48013
0.45098
0.469388
0.475131
0.465417
0.454301
0.451294
0.506977
0.450077
0.463387
0.449621
0.461655
0.465664
0.481609
0.481163
0.465575
0.498771
0.460354
0.480392
0.449042
0.457729
0.490566
0.471184
0.490038
0.446347
0.456284
0.517606
0.488177
0.483487
0.460968
0.45222
0.46908
0.492337
0.464006
0.443432
0.491208
0.468939
0.468869
0.445324
0.469048
0.474771
0.473664
0.461187
0.434594
0.462462
0.469945
0.470115
0.453571
0.43633
0.438356
0.468798
0.458333
0.464206
0.453471
0.458524
0.456621
0.471526
0.487654
0.449735
0.44921
0.448864
0.469663
0.468236
0.467276
0.478179
0.467716
0.502713
0.465378
0.466424
0.467165
0.452381
0.473466
0.488177
0.461412
0.448042
0.456368
0.456832
0.439464
0.448057
0.440639
0.467718
0.445571
0.466892
0.47296
0.44898
0.452558
0.466592
0.487086
0.462585
0.458535
0.454985
0.436042
0.465296
0.464672
0.478111
0.440152
0.47338
0.478544
0.464555
0.451844
0.470899
0.467742
0.421434
0.47066
0.473199
0.478455
0.467358
0.435035
0.472477
0.454365
0.482394
0.445221
0.459862
0.446212
0.455504
0.495305
0.458143
0.454511
0.464588
0.450339
0.448173
0.470633
0.478583
0.450299
0.458904
0.449438
0.469526
0.45618
0.456057
0.490719
0.465452
0.486301
0.477039
0.462709
0.483568
0.480122
0.462919
0.457859
0.455759
0.476788
0.468417
0.438299
0.48318
0.477446
0.474125
0.476027
0.449846
0.447368
0.480638
0.455201
0.462415
0.468703
0.477623
0.484709
0.482244
0.48676
0.482026
0.482114
0.473199
0.435366
0.492519
0.495413
0.465432
0.460548
0.479905
0.438497
0.45843
0.454101
0.443936
0.472474
0.464932
0.467201
0.476048
0.466438
0.492969
0.460516
0.459043
0.480682
0.466505
0.459744
0.436598
0.467448
0.467165
0.480415
0.447229
0.503094
0.476575
0.493502
0.446469
0.463933
0.469977
0.495031
0.472563
0.464495
0.499591
0.454196
0.476526
0.461391
0.479217
0.46831
0.477078
0.489679
0.458429
0.485816
0.496885
0.478691
0.486621
0.471897
0.455961
0.475113
0.483563
0.479216
0.437264
0.469419
0.465309
0.46347
0.449095
0.478226
0.486791
0.463005
0.476682
0.433096
0.478211
0.467527
0.45364
0.442308
0.447389
0.466438
0.468726
0.465979
0.451674
0.432567
0.446101
0.453089
0.462624
0.478009
0.441379
0.478976
0.466056
0.478927
0.477498
0.471318
0.483759
0.458031
0.499219
0.476249
0.496732
0.462256
0.456504
0.492083
0.504598
0.460711
0.468447
0.432464
0.46148
0.453041
0.473364
0.440367
0.463005
0.481312
0.465596
0.460486
0.454511
0.474359
0.449657
0.488211
0.442912
0.433333
0.455479
0.435398
0.48285
0.485417
0.477727
0.439741
0.478295
0.478495
0.478879
0.464832
0.469489
0.450617
0.453917
0.481938
0.471596
0.478296
0.450346
0.457245
0.442661
0.46966
0.49098
0.468143
0.45948
0.444954
0.440363
0.482477
0.483945
0.468582
0.453901
0.441266
0.468417
0.476245
0.474057
0.433868
0.470498
0.474125
0.467508
0.460046
0.476984
0.479505
0.455201
0.483638
0.422591
0.45634
0.472678
0.471713
0.465311
0.448513
0.466591
0.468037
0.463005
0.450758
0.442661
0.441781
0.470767
0.470767
0.510008
0.450038
0.483563
0.468561
0.466438
0.443812
0.477623
0.477675
0.454911
0.482517
0.468293
0.480081
0.467932
0.461882
0.468491
0.472603
0.488449
0.474638
0.449327
0.456439
0.456605
0.477601
0.438215
0.48447
0.464313
0.477498
0.456697
0.464067
0.464433
0.453683
0.489482
0.470252
0.480178
0.457197
0.437071
0.470614
0.461028
0.472797
0.443303
0.48071
0.477727
0.454893
0.46347
0.451025
0.466974
0.444954
0.467729
0.48914
0.470325
0.441244
0.438534
0.470183
0.466102
0.493365
0.455039
0.475917
0.453471
0.442217
0.489852
0.45624
0.439985
0.462353
0.435459
0.447727
0.464612
0.486307
0.429062
0.468798
0.463174
0.460807
0.455099
0.460111
0.469522
0.463922
0.455847
0.457463
0.438799
0.445103
0.454651
0.424679
0.451276
0.454089
0.46249
0.398837
0.466974
0.427519
0.469767
0.428627
0.412037
0.458819
0.403101
0.377622
0.441878
0.474419
0.467283
0.460392
0.420561
0.472222
0.461478
0.458231
0.462326
0.463621
0.446223
0.449583
0.46133
0.437706
0.439837
0.445244
0.436636
0.416667
0.451613
0.444059
0.43649
0.434799
0.477185
0.468718
0.470085
0.472292
0.443418
0.474453
0.455039
0.43643
0.386713
0.446636
0.448989
0.429825
0.455711
0.459969
0.458626
0.453488
0.433101
0.452436
0.459877
0.458333
0.442901
0.468983
0.465995
0.457412
0.446136
0.457346
0.45321
0.45925
0.436321
0.442474
0.441222
0.450775
0.447767
0.479858
0.450731
0.470862
0.444972
0.467978
0.468894
0.479505
0.447867
0.45437
0.437742
0.474151
0.443287
0.45437
0.426635
0.460153
0.464871
0.474145
0.463134
0.438697
0.461659
0.451613
0.412641
0.464588
0.452107
0.469732
0.408046
0.448777
0.425499
0.46092
0.44023
0.42069
0.436968
0.393625
0.395545
0.442146
0.470362
0.467816
0.452103
0.425796
0.460665
0.468701
0.480706
0.474611
0.484269
0.458028
0.465243
0.460354
0.455112
0.443902
0.442063
0.438697
0.414738
0.445719
0.414559
0.448659
0.444828
0.480415
0.460245
0.434866
0.421836
0.424521
0.489024
0.45689
0.464955
0.422401
0.451997
0.47038
0.44152
0.442515
0.444061
0.480575
0.448541
0.434332
0.441379
0.454023
0.449612
0.473826
0.471122
0.456449
0.473251
0.423225
0.461814
0.460829
0.442276
0.463836
0.441589
0.43702
0.427419
0.447222
0.499609
0.4659
0.484255
0.424386
0.449042
0.459098
0.480031
0.445893
0.426651
0.475806
0.450306
0.454789
0.42737
0.453063
0.472411
0.476575
0.486144
0.465675
0.439773
0.459407
0.44023
0.424423
0.461276
0.429443
0.449772
0.41268
0.455026
0.418196
0.450192
0.431126
0.413806
0.465971
0.411921
0.415718
0.444064
0.468869
0.456439
0.453533
0.428736
0.449434
0.482477
0.481346
0.48013
0.468094
0.451626
0.44875
0.478211
0.458955
0.435743
0.436414
0.439153
0.425883
0.465152
0.406179
0.447348
0.445076
0.493939
0.462349
0.454442
0.454921
0.434996
0.495935
0.462329
0.46472
0.431973
0.453957
0.464223
0.45625
0.439184
0.439878
0.497685
0.446112
0.456705
0.443052
0.463258
0.451997
0.468199
0.487775
0.476549
0.475082
0.40553
0.461085
0.457088
0.436796
0.467527
0.477855
0.443548
0.426348
0.430588
0.486698
0.482034
0.469037
0.430685
0.472727
0.470522
0.476682
0.441706
0.441154
0.480549
0.449358
0.446591
0.439394
0.44246
0.451025
0.480665
0.460506
0.461098
0.431142
0.438117
0.434251
0.396579
0.438737
0.447368
0.448894
0.379863
0.469766
0.415709
0.472159
0.427702
0.379863
0.460262
0.418578
0.372706
0.434551
0.44508
0.448106
0.470293
0.405914
0.47498
0.471116
0.455065
0.45436
0.474747
0.454065
0.462687
0.46445
0.439095
0.443237
0.422196
0.450758
0.405914
0.462207
0.412281
0.442803
0.407365
0.469939
0.459839
0.461391
0.456468
0.461742
0.490268
0.430365
0.42133
0.415344
0.421053
0.429319
0.445553
0.454301
0.454442
0.453983
0.425115
0.460245
0.445967
0.451674
0.451886
0.458047
0.446765
0.448074
0.452323
0.419553
0.466195
0.433257
0.459036
0.426839
0.454545
0.428517
0.466056
0.438928
0.494145
0.447489
0.474713
0.438576
0.451784
0.452381
0.506116
0.430751
0.44533
0.440367
0.42803
0.447608
0.418375
0.41924
0.455759
0.470862
0.46406
0.474771
0.460094
0.398551
0.455172
0.403045
0.47318
0.425419
0.457569
0.388123
0.4707
0.412442
0.46789
0.435545
0.427155
0.461894
0.402682
0.415709
0.433029
0.457854
0.43135
0.453596
0.423821
0.458535
0.472678
0.492239
0.477941
0.452078
0.45
0.435578
0.458333
0.452558
0.436489
0.382819
0.431887
0.418399
0.458143
0.411137
0.42656
0.429443
0.471713
0.453394
0.456705
0.490464
0.45614
0.513415
0.457088
0.460976
0.427321
0.434783
0.432099
0.445553
0.430651
0.438596
0.518217
0.43318
0.431418
0.473624
0.441266
0.443673
0.46092
0.485632
0.424623
0.459559
0.401463
0.450119
0.421636
0.442011
0.455686
0.494949
0.423165
0.460627
0.453901
0.483607
0.45881
0.457757
0.43617
0.485921
0.455099
0.490061
0.430196
0.436782
0.465596
0.453852
0.450688
0.44241
0.429137
0.470016
0.452107
0.459677
0.439141
0.4341
0.428404
0.436105
0.371486
0.461894
0.441762
0.451341
0.370881
0.481651
0.428022
0.476575
0.449808
0.400538
0.418803
0.387097
0.388633
0.436782
0.45689
0.468966
0.449377
0.385659
0.484996
0.478142
0.470516
0.469363
0.449405
0.450163
0.417504
0.436875
0.414796
0.451338
0.418254
0.4341
0.429398
0.460153
0.423788
0.416475
0.389655
0.449693
0.456809
0.445211
0.452322
0.468582
0.49065
0.461124
0.426016
0.424312
0.43264
0.410053
0.423141
0.433488
0.451613
0.43512
0.454861
0.43418
0.456705
0.454789
0.454651
0.451276
0.468313
0.427318
0.446634
0.435185
0.468254
0.420708
0.437145
0.441431
0.47352
0.378368
0.468126
0.443785
0.47457
0.454965
0.458141
0.440758
0.491954
0.470566
0.50192
0.41647
0.441244
0.455453
0.443807
0.449808
0.418578
0.449085
0.469626
0.465979
0.454965
0.46746
0.424485
0.438928
0.444059
0.390224
0.447248
0.410138
0.455837
0.356705
0.458238
0.404762
0.474211
0.438172
0.395929
0.424031
0.388889
0.40361
0.421839
0.466438
0.465452
0.458819
0.39261
0.472764
0.484706
0.471675
0.472631
0.446989
0.427058
0.41604
0.45843
0.414381
0.420925
0.406349
0.423516
0.412403
0.450266
0.3987
0.422197
0.398932
0.436782
0.442424
0.445084
0.479634
0.463005
0.478862
0.463134
0.417685
0.417995
0.420307
0.437995
0.414992
0.430394
0.454822
0.470862
0.433716
0.441878
0.465134
0.459573
0.458042
0.455939
0.462963
0.427426
0.45905
0.415307
0.462085
0.399923
0.42498
0.450355
0.489412
0.392202
0.452381
0.463579
0.488208
0.451724
0.463349
0.440504
0.484709
0.444951
0.495381
0.413522
0.442278
0.466898
0.430206
0.45107
0.430046
0.431021
0.456573
0.482335
0.456505
0.457438
0.431801
0.442868
0.440835
0.377724
0.459199
0.428955
0.45843
0.368441
0.468345
0.414165
0.484988
0.448422
0.397081
0.430233
0.391455
0.404927
0.438172
0.463518
0.454406
0.468069
0.37093
0.471545
0.493725
0.472906
0.471193
0.458547
0.442276
0.427973
0.441109
0.407731
0.421353
0.403571
0.432339
0.417829
0.466819
0.420123
0.399386
0.387481
0.443548
0.455793
0.463048
0.472984
0.45249
0.484553
0.450889
0.435299
0.40656
0.436252
0.424403
0.424433
0.419954
0.466743
0.4637
0.438556
0.448541
0.472734
0.453533
0.458333
0.460739
0.472637
0.43038
0.448148
0.41958
0.467063
0.418399
0.429268
0.450237
0.492941
0.38659
0.466435
0.456746
0.477201
0.451997
0.461717
0.435867
0.484674
0.460336
0.506173
0.39297
0.452765
0.459491
0.452381
0.450461
0.4341
0.448042
0.443542
0.474943
0.455172
0.485782
0.412879
0.466274
0.464286
0.400955
0.454338
0.426011
0.466361
0.385202
0.448081
0.453917
0.460627
0.444572
0.410755
0.447917
0.3955
0.386225
0.410374
0.436598
0.446334
0.467667
0.448276
0.485472
0.482826
0.499593
0.447561
0.463621
0.457826
0.460515
0.450192
0.443482
0.46933
0.429078
0.460695
0.39107
0.463506
0.425419
0.450645
0.386864
0.468561
0.464072
0.466895
0.467662
0.454924
0.463909
0.459004
0.43374
0.414027
0.451136
0.428883
0.452083
0.442396
0.4452
0.480963
0.432876
0.464832
0.438737
0.452164
0.473318
0.455275
0.466338
0.461474
0.471405
0.424383
0.470196
0.41552
0.461755
0.446934
0.458333
0.438737
0.438215
0.464006
0.50039
0.465596
0.453917
0.441706
0.446334
0.465309
0.478927
0.448478
0.429765
0.475862
0.424242
0.441534
0.394558
0.462302
0.458141
0.476946
0.443173
0.475118
0.431373
0.453052
0.466206
0.406349
0.452164
0.435545
0.462624
0.395596
0.448081
0.450575
0.477012
0.444699
0.41762
0.448183
0.407323
0.377752
0.410578
0.444697
0.462002
0.470814
0.414003
0.51335
0.487568
0.484628
0.458333
0.468514
0.455393
0.442786
0.447368
0.437706
0.457933
0.440252
0.437029
0.402617
0.464555
0.410374
0.45947
0.37803
0.472727
0.480539
0.451405
0.461028
0.451735
0.466102
0.449159
0.44822
0.420045
0.430524
0.439394
0.447631
0.438029
0.443939
0.461717
0.423372
0.459191
0.467424
0.469697
0.464506
0.458333
0.470997
0.463659
0.449187
0.450617
0.464174
0.429119
0.465627
0.447966
0.464174
0.442661
0.442922
0.469092
0.507416
0.454511
0.463985
0.440559
0.454545
0.471096
0.478593
0.442757
0.43613
0.478593
0.449095
0.447846
0.425548
0.465162
0.455039
0.467276
0.457951
0.471564
0.429385
0.464006
0.473118
0.401116
0.44241
0.43417
0.459191
0.382532
0.447468
0.452874
0.470183
0.451182
0.407154
0.439815
0.401826
0.379481
0.409437
0.436834
0.45303
0.467978
0.420123
0.495157
0.481698
0.484515
0.466667
0.460984
0.46157
0.448047
0.445336
0.433581
0.458031
0.420221
0.451136
0.390553
0.467045
0.425248
0.455201
0.376234
0.476408
0.450301
0.45614
0.456162
0.457479
0.468042
0.456322
0.435118
0.416478
0.448131
0.434383
0.444167
0.4447
0.452652
0.465504
0.441132
0.457569
0.454233
0.448368
0.466435
0.449425
0.472154
0.463241
0.463733
0.440724
0.470912
0.424312
0.449153
0.441961
0.465812
0.444064
0.443173
0.469733
0.505074
0.461009
0.463602
0.436471
0.44571
0.466742
0.471713
0.43872
0.431887
0.474771
0.437737
0.426941
0.405847
0.45
0.458141
0.464475
0.455759
0.487302
0.417421
0.442879
0.453533
0.406475
0.455404
0.44419
0.466819
0.391667
0.452972
0.427752
0.464286
0.444954
0.399234
0.437984
0.400458
0.380952
0.413623
0.430241
0.443439
0.457471
0.41172
0.494728
0.473256
0.495157
0.464401
0.466415
0.462693
0.471596
0.438073
0.439884
0.454217
0.418834
0.461829
0.374519
0.470211
0.416667
0.453788
0.401361
0.470833
0.462076
0.452759
0.481023
0.463719
0.442961
0.45881
0.436239
0.390766
0.436742
0.424913
0.458333
0.451003
0.436454
0.466279
0.410522
0.488204
0.438537
0.456061
0.46875
0.436636
0.470925
0.471943
0.469287
0.447652
0.468774
0.454196
0.472356
0.445362
0.478972
0.44278
0.467656
0.451765
0.51451
0.467433
0.4763
0.428904
0.42803
0.46997
0.49656
0.461176
0.427816
0.471777
0.433484
0.416478
0.408371
0.45873
0.469108
0.45338
0.477831
0.456804
0.437402
0.427752
0.437901
0.458621
0.454615
0.454301
0.442278
0.456522
0.469939
0.444828
0.476735
0.45614
0.457569
0.454089
0.438978
0.398318
0.427203
0.447126
0.438596
0.462016
0.452049
0.47498
0.487119
0.495905
0.453023
0.481764
0.449187
0.465417
0.450575
0.437552
0.442557
0.465675
0.46169
0.454338
0.429946
0.462243
0.431575
0.476682
0.408848
0.455275
0.430598
0.448131
0.483457
0.486207
0.456098
0.447108
0.471545
0.430079
0.455657
0.431644
0.435417
0.48062
0.458047
0.50384
0.414363
0.45881
0.469801
0.458909
0.466821
0.461571
0.445402
0.457002
0.464203
0.458432
0.452217
0.46521
0.465098
0.500777
0.440749
0.45604
0.448262
0.510125
0.454893
0.477012
0.459417
0.480168
0.452055
0.475479
0.446541
0.431957
0.478544
0.452816
0.465214
0.423896
0.43373
0.448357
0.483871
0.469977
0.419856
0.46851
0.407233
0.469592
0.422115
0.489222
0.438414
0.444573
0.451116
0.50613
0.435957
0.48037
0.463902
0.46142
0.402098
0.444188
0.376257
0.444059
0.45843
0.450461
0.469555
0.393302
0.466585
0.480346
0.444856
0.442387
0.414966
0.456076
0.417296
0.400077
0.398333
0.46414
0.46243
0.459677
0.446512
0.469349
0.438799
0.457088
0.408986
0.485725
0.451431
0.458719
0.435417
0.459293
0.459559
0.464203
0.462827
0.458621
0.480324
0.39406
0.414573
0.458915
0.46851
0.415109
0.427469
0.50192
0.468894
0.471517
0.465423
0.439429
0.480976
0.451899
0.395215
0.474031
0.461324
0.486913
0.478403
0.431442
0.460094
0.402778
0.437886
0.433413
0.463357
0.448659
0.445216
0.475
0.498464
0.447893
0.474596
0.446032
0.472734
0.48037
0.449425
0.461598
0.44086
0.448963
0.463264
0.46735
0.476462
0.479463
0.421033
0.453552
0.459098
0.414673
0.460426
0.438876
0.44102
0.438596
0.45805
0.434251
0.463685
0.449127
0.441781
0.45612
0.4375
0.390542
0.426773
0.449391
0.456061
0.439429
0.449693
0.47343
0.477855
0.507724
0.464228
0.49537
0.43674
0.486318
0.433409
0.444444
0.447262
0.438638
0.460985
0.425499
0.458712
0.43135
0.478836
0.408712
0.476354
0.443775
0.442661
0.476013
0.440775
0.45712
0.467656
0.482244
0.432729
0.453196
0.435696
0.445688
0.43908
0.442161
0.491512
0.40553
0.489321
0.452816
0.457099
0.443548
0.452982
0.439134
0.469925
0.457724
0.449693
0.462657
0.466743
0.446457
0.4758
0.50814
0.420872
0.446224
0.441431
0.51249
0.439498
0.47133
0.461268
0.487092
0.459184
0.476788
0.456573
0.444064
0.484399
0.442673
0.458904
0.410402
0.451422
0.464912
0.460761
0.479018
0.460245
0.430428
0.441706
0.454685
0.414263
0.468894
0.437834
0.453364
0.448276
0.468726
0.434716
0.458238
0.454996
0.44419
0.460557
0.443555
0.395402
0.418203
0.457373
0.446865
0.444186
0.454264
0.477346
0.462833
0.506552
0.469287
0.489398
0.44947
0.47452
0.439464
0.449005
0.449838
0.450397
0.475973
0.412625
0.473242
0.431801
0.458047
0.41208
0.477829
0.433435
0.44751
0.487977
0.450801
0.45436
0.469732
0.47718
0.423341
0.462069
0.430335
0.441103
0.456505
0.442912
0.475969
0.395833
0.492337
0.451724
0.455275
0.455247
0.460354
0.440476
0.469849
0.459459
0.458814
0.469841
0.460627
0.474858
0.472549
0.501554
0.423579
0.431575
0.454581
0.506651
0.441379
0.46659
0.461387
0.466819
0.466819
0.463602
0.454403
0.428899
0.475862
0.456903
0.456804
0.423722
0.449085
0.483103
0.478632
0.467857
0.43512
0.466825
0.459004
0.395933
0.450429
0.413364
0.455556
0.382057
0.463092
0.468869
0.413566
0.484848
0.447164
0.431624
0.452157
0.364729
0.389401
0.41358
0.42029
0.411446
0.485592
0.390281
0.48107
0.499609
0.480848
0.477236
0.460417
0.414403
0.458022
0.448598
0.41893
0.441767
0.415087
0.43908
0.376471
0.474563
0.411446
0.459004
0.421073
0.467283
0.446123
0.431713
0.472292
0.45364
0.477805
0.448688
0.453188
0.411742
0.427586
0.406357
0.4575
0.442097
0.456505
0.456674
0.40969
0.455069
0.438556
0.447531
0.450039
0.468605
0.451852
0.43115
0.43969
0.419608
0.463178
0.416277
0.434852
0.470126
0.505159
0.413953
0.455039
0.451306
0.473144
0.472931
0.474688
0.417056
0.486943
0.454442
0.491044
0.441569
0.426941
0.454439
0.444699
0.453917
0.446224
0.44697
0.505774
0.466589
0.475
0.452603
0.450515
0.441628
0.425397
0.443271
0.394328
0.458525
0.4157
0.452603
0.404206
0.486301
0.433178
0.472741
0.451537
0.397047
0.370584
0.376357
0.43908
0.416087
0.495706
0.399845
0.479373
0.410168
0.484515
0.481265
0.48125
0.493543
0.459784
0.429868
0.415643
0.448598
0.43223
0.438849
0.439216
0.462366
0.409479
0.462624
0.407663
0.455939
0.419697
0.472222
0.467932
0.467131
0.471486
0.46275
0.410442
0.45321
0.440339
0.426348
0.454281
0.440598
0.445216
0.438431
0.403365
0.473725
0.471517
0.47608
0.457845
0.465278
0.470854
0.459112
0.468293
0.468333
0.479938
0.461961
0.470024
0.446916
0.501587
0.444969
0.436047
0.39486
0.494841
0.45289
0.468069
0.447941
0.489222
0.425408
0.504283
0.453957
0.458429
0.466042
0.442661
0.464174
0.452217
0.474596
0.44059
0.493228
0.454128
0.481481
0.442161
0.440315
0.432084
0.422605
0.393508
0.462838
0.405251
0.454718
0.394318
0.482515
0.396644
0.454615
0.442161
0.393075
0.442901
0.356112
0.366065
0.406652
0.443071
0.40947
0.477117
0.388138
0.475787
0.480665
0.473027
0.488297
0.480466
0.404358
0.447891
0.438978
0.408681
0.420654
0.433881
0.46021
0.415899
0.47651
0.392694
0.46021
0.383258
0.464932
0.442647
0.457294
0.469884
0.463589
0.464257
0.453409
0.400402
0.419451
0.439804
0.448423
0.430763
0.424731
0.452003
0.465664
0.40367
0.483786
0.480436
0.483749
0.448157
0.46415
0.467808
0.467083
0.461882
0.449192
0.461509
0.446483
0.456161
0.420375
0.50505
0.35431
0.429765
0.445483
0.485948
0.462329
0.469037
0.43649
0.49398
0.458333
0.496186
0.462704
0.45563
0.466056
0.448804
0.466892
0.433483
0.441153
0.460648
0.485227
0.436015
0.483412
0.43802
0.431836
0.41301
0.411297
0.469388
0.403448
0.45977
0.408085
0.479026
0.394009
0.466284
0.434483
0.391571
0.463953
0.391437
0.399242
0.406773
0.441685
0.3955
0.478879
0.394318
0.476886
0.491064
0.472831
0.48459
0.471178
0.41626
0.454809
0.455837
0.434729
0.430288
0.423529
0.468254
0.406806
0.481273
0.396789
0.433862
0.419501
0.476462
0.454995
0.453577
0.465087
0.465608
0.491122
0.437834
0.428168
0.419656
0.424036
0.452442
0.448047
0.443287
0.437121
0.476636
0.413793
0.490509
0.47197
0.473364
0.434648
0.471264
0.471675
0.44598
0.450693
0.45437
0.46133
0.447005
0.468974
0.472157
0.50313
0.404052
0.426223
0.443789
0.482353
0.456804
0.468894
0.423434
0.482576
0.459925
0.480799
0.454333
0.4497
0.462366
0.451467
0.455682
0.448081
0.432937
0.470281
0.495181
0.469919
0.389297
0.481971
0.422414
0.466503
0.420945
0.470823
0.473171
0.453771
0.430993
0.511111
0.454177
0.488211
0.495935
0.445528
0.434156
0.432685
0.421263
0.468599
0.474145
0.462379
0.454878
0.455159
0.460708
0.471683
0.438071
0.463644
0.422421
0.483592
0.388329
0.433985
0.410224
0.457724
0.459869
0.458333
0.466011
0.463492
0.46472
0.455128
0.430456
0.498795
0.490977
0.491948
0.425044
0.474359
0.471335
0.458535
0.460376
0.443785
0.453926
0.431701
0.437761
0.475839
0.495974
0.406683
0.476829
0.457327
0.489583
0.460145
0.49187
0.453252
0.472984
0.462447
0.41893
0.477887
0.444177
0.45925
0.475203
0.395168
0.444722
0.45296
0.43123
0.45915
0.444856
0.443228
0.437805
0.48996
0.492369
0.468254
0.49348
0.467233
0.464996
0.461789
0.499203
0.46988
0.456938
0.470253
0.446275
0.477308
0.467934
0.421474
0.45121
0.423878
0.443381
0.378679
0.446526
0.460412
0.437846
0.409771
0.50348
0.437302
0.499603
0.488915
0.440618
0.454618
0.409558
0.399297
0.433962
0.460578
0.438534
0.45873
0.436822
0.46633
0.480648
0.442402
0.437853
0.451843
0.466751
0.414806
0.391667
0.384236
0.452552
0.433253
0.449649
0.438449
0.462403
0.441805
0.45121
0.389539
0.492941
0.46142
0.477594
0.447028
0.473849
0.497182
0.452325
0.451406
0.426312
0.465571
0.395299
0.426617
0.440448
0.488208
0.413876
0.43039
0.474843
0.480047
0.452044
0.487698
0.426984
0.48362
0.477917
0.439984
0.460432
0.465571
0.46778
0.453461
0.425837
0.459547
0.431349
0.468009
0.450278
0.465863
0.455265
0.454762
0.437255
0.490219
0.454756
0.497619
0.441292
0.444056
0.461508
0.466121
0.467527
0.428904
0.460526
0.450845
0.447587
0.445586
0.442338
0.458899
0.419405
0.454023
0.394193
0.452112
0.458429
0.445205
0.399013
0.495142
0.437215
0.478642
0.461187
0.410374
0.436968
0.384703
0.377074
0.422172
0.438814
0.41268
0.472414
0.42713
0.470469
0.440948
0.463997
0.450813
0.475417
0.438511
0.418953
0.41552
0.40823
0.450321
0.450472
0.443439
0.421275
0.477903
0.430428
0.458145
0.38273
0.488662
0.44002
0.465152
0.434979
0.473288
0.486715
0.463636
0.442834
0.397465
0.466364
0.391602
0.423333
0.450731
0.473804
0.431713
0.438073
0.458428
0.448224
0.452164
0.487298
0.419157
0.473513
0.484545
0.431707
0.454196
0.466279
0.461009
0.454365
0.442097
0.465423
0.41495
0.460807
0.444314
0.479703
0.463005
0.468654
0.449729
0.486772
0.457773
0.487385
0.446401
0.440209
0.450306
0.449813
0.441176
0.432584
0.459921
0.459397
0.449693
0.449106
0.440618
0.445211
0.432859
0.449531
0.386111
0.452599
0.466589
0.44845
0.39429
0.482536
0.433178
0.49338
0.475136
0.437451
0.449567
0.386822
0.361303
0.437644
0.439359
0.425367
0.439394
0.436834
0.461634
0.470016
0.473577
0.468523
0.470906
0.439918
0.426202
0.419003
0.410509
0.443645
0.456659
0.432184
0.411189
0.451294
0.424242
0.445594
0.399465
0.479647
0.451662
0.474981
0.454966
0.476628
0.46256
0.46142
0.446185
0.423485
0.462366
0.408974
0.426434
0.44549
0.470679
0.439891
0.43872
0.479985
0.47318
0.463433
0.482517
0.427181
0.476249
0.469089
0.452846
0.457746
0.451003
0.454333
0.444976
0.429412
0.471429
0.418614
0.477185
0.439179
0.475455
0.45843
0.478632
0.467904
0.511137
0.459377
0.482087
0.452381
0.420091
0.44289
0.453852
0.444316
0.423722
0.46571
0.461353
0.4751
0.464573
0.455393
0.446715
0.459854
0.453074
0.489936
0.504831
0.457131
0.46095
0.491525
0.473621
0.467638
0.485472
0.448594
0.465946
0.476016
0.469551
0.436796
0.472559
0.461663
0.492788
0.465363
0.475962
0.471867
0.462651
0.477861
0.487337
0.42906
0.48886
0.449005
0.463768
0.466172
0.442292
0.473792
0.446843
0.481392
0.452724
0.475845
0.451923
0.466265
0.4751
0.467204
0.473366
0.426754
0.450321
0.478455
0.447538
0.446341
0.476019
0.466184
0.464035
0.468412
0.444175
0.475502
0.436084
0.480178
0.469404
0.481481
0.456627
0.483897
0.446731
0.460515
0.475355
0.463733
0.475324
0.449556
0.47343
0.45156
0.453301
0.422195
0.476248
0.448068
0.452439
0.457213
0.466989
0.458434
0.472896
0.492388
0.472022
0.489533
0.458333
0.458535
0.466586
0.473494
0.463052
0.461044
0.474173
0.468215
0.489431
0.47392
0.433745
0.452846
0.445813
0.448403
0.484923
0.492239
0.444444
0.471068
0.485703
0.486618
0.481982
0.47835
0.469106
0.453659
0.47572
0.463504
0.452323
0.46732
0.450572
0.494323
0.477723
0.465854
0.461572
0.448655
0.474874
0.480753
0.44143
0.485205
0.444305
0.451915
0.47471
0.45762
0.475539
0.456204
0.483169
0.456911
0.48044
0.452555
0.467886
0.498778
0.475877
0.47549
0.421333
0.466667
0.476249
0.451797
0.475899
0.49189
0.455583
0.457344
0.469925
0.451679
0.480033
0.441851
0.478654
0.463235
0.477995
0.459756
0.48207
0.458231
0.475712
0.461893
0.449257
0.478706
0.462103
0.482843
0.467247
0.453545
0.442371
0.465686
0.473513
0.466255
0.445545
0.467808
0.430147
0.475369
0.472425
0.451338
0.485738
0.459756
0.468137
0.48533
0.475203
0.470253
0.468293
0.47835
0.461663
0.487893
0.468042
0.457516
0.461755
0.456911
0.466342
0.497561
0.502825
0.472962
0.46368
0.506457
0.481079
0.491079
0.495122
0.471348
0.477751
0.480753
0.482244
0.463997
0.493947
0.470469
0.493156
0.473382
0.454802
0.488832
0.48184
0.481297
0.489813
0.45146
0.509931
0.453634
0.470874
0.492063
0.443496
0.485149
0.476248
0.49065
0.471348
0.491079
0.448068
0.470612
0.488673
0.47132
0.475728
0.44591
0.464487
0.478758
0.458738
0.48252
0.485105
0.473642
0.478836
0.454583
0.474735
0.469256
0.456204
0.48044
0.457015
0.488325
0.464573
0.474576
0.469512
0.449959
0.482323
0.448971
0.48013
0.478102
0.480894
0.485222
0.466424
0.468724
0.471545
0.466019
0.447584
0.469212
0.485032
0.471751
0.479268
0.5
0.474235
0.500807
0.466424
0.463504
0.474235
0.467716
0.462873
0.472896
0.464401
0.467548
0.492006
0.468675
0.433252
0.444045
0.456715
0.477456
0.499193
0.506827
0.460831
0.473896
0.481481
0.489633
0.47504
0.493173
0.464744
0.471955
0.472492
0.466827
0.461538
0.475845
0.465863
0.483213
0.472831
0.457131
0.477523
0.466346
0.480514
0.47549
0.426307
0.507692
0.451372
0.454618
0.473118
0.46368
0.484553
0.476077
0.473706
0.464912
0.494391
0.458034
0.461538
0.48758
0.465166
0.470683
0.439791
0.466427
0.486179
0.450081
0.464634
0.48764
0.473221
0.470537
0.478387
0.465781
0.472756
0.446731
0.461663
0.445382
0.47516
0.466346
0.475502
0.446457
0.470637
0.474874
0.451389
0.472155
0.473769
0.485141
0.479167
0.465378
0.447712
0.46506
0.45743
0.46521
0.436334
0.47476
0.462963
0.483051
0.47488
0.462919
0.476707
0.467147
0.465863
0.468273
0.470753
0.452324
0.470024
0.459839
0.459729
0.480299
0.46406
0.489482
0.485456
0.475904
0.492478
0.471614
0.448385
0.496454
0.445362
0.45283
0.478824
0.493681
0.48654
0.465721
0.469984
0.464912
0.471237
0.458136
0.469733
0.478329
0.448113
0.446843
0.476808
0.448074
0.473872
0.463516
0.491667
0.475703
0.480688
0.472504
0.453002
0.470564
0.496716
0.451338
0.463443
0.48373
0.479167
0.487332
0.455189
0.479608
0.469984
0.498945
0.494484
0.47906
0.497242
0.45915
0.482227
0.488183
0.48549
0.475455
0.473175
0.453586
0.474145
0.49606
0.465394
0.484127
0.47981
0.476471
0.473725
0.50316
0.494841
0.481575
0.467836
0.487116
0.492478
0.476134
0.489286
0.451907
0.472887
0.4751
0.494854
0.471959
0.490244
0.480274
0.484992
0.45794
0.488755
0.472025
0.478431
0.482269
0.461538
0.471169
0.454403
0.470912
0.459023
0.455477
0.459043
0.453876
0.468798
0.470633
0.469913
0.474125
0.466745
0.485824
0.472022
0.429664
0.49239
0.44241
0.434251
0.471906
0.497318
0.467816
0.47032
0.467582
0.459877
0.47032
0.460153
0.485474
0.486239
0.447988
0.449729
0.508371
0.466102
0.486883
0.458435
0.482087
0.496203
0.454177
0.463516
0.457285
0.452854
0.485472
0.46746
0.463554
0.473826
0.474886
0.493502
0.479879
0.487062
0.449159
0.479355
0.47433
0.465261
0.490107
0.443228
0.488532
0.494323
0.481777
0.465214
0.478947
0.448047
0.481183
0.501144
0.482599
0.490762
0.506897
0.471396
0.465753
0.493841
0.493502
0.484069
0.497487
0.485738
0.483449
0.458926
0.485441
0.46247
0.451487
0.474359
0.503448
0.469801
0.475236
0.493349
0.487796
0.453257
0.490566
0.483257
0.484434
0.46987
0.464706
0.47133
0.450801
0.466134
0.46148
0.471014
0.477435
0.464912
0.458915
0.47981
0.456903
0.483607
0.48554
0.480769
0.494253
0.484363
0.458524
0.459665
0.437215
0.481269
0.473106
0.467201
0.473946
0.444316
0.465214
0.45614
0.462709
0.464612
0.47032
0.426914
0.439256
0.447006
0.465452
0.476016
0.483871
0.484496
0.4827
0.49189
0.464167
0.459862
0.480149
0.485841
0.440873
0.471461
0.466974
0.461655
0.483525
0.455961
0.485227
0.450306
0.476334
0.470252
0.485149
0.496186
0.468447
0.484363
0.481884
0.481061
0.478976
0.459211
0.448462
0.474596
0.494661
0.444702
0.493088
0.496177
0.443812
0.460516
0.502694
0.484255
0.481572
0.474937
0.479575
0.488479
0.487786
0.478495
0.447135
0.458431
0.468531
0.494253
0.498853
0.482227
0.481221
0.482416
0.446987
0.473333
0.473303
0.481818
0.47254
0.460692
0.461098
0.463851
0.445967
0.424104
0.450533
0.453682
0.452269
0.467679
0.458236
0.475397
0.486791
0.466825
0.510955
0.452438
0.450429
0.495327
0.466432
0.444444
0.455814
0.507042
0.47457
0.474688
0.471184
0.449292
0.475467
0.45892
0.464789
0.474961
0.465035
0.4327
0.482906
0.439769
0.486729
0.477012
0.486307
0.491942
0.493781
0.453566
0.452771
0.471122
0.48301
0.468501
0.468217
0.47327
0.466667
0.487928
0.454545
0.481308
0.476581
0.486542
0.471765
0.474131
0.493396
0.463188
0.483959
0.492683
0.470155
0.487119
0.468338
0.439318
0.468627
0.503108
0.465571
0.492566
0.474239
0.471897
0.466511
0.495316
0.474299
0.46798
0.473552
0.476773
0.494878
0.479714
0.478142
0.447006
0.451143
0.447494
0.477752
0.489045
0.46627
0.491686
0.489122
0.474902
0.481875
0.468069
0.467442
0.482045
0.467691
0.474239
0.459016
0.437695
0.436526
0.459407
0.448139
0.480919
0.464751
0.479167
0.442323
0.472159
0.44
0.469136
0.4318
0.480887
0.448541
0.469278
0.445084
0.467656
0.427637
0.45535
0.459199
0.438556
0.491822
0.446237
0.454789
0.428353
0.443295
0.466206
0.443798
0.451453
0.46088
0.455633
0.478403
0.471507
0.484655
0.472973
0.465995
0.458814
0.460417
0.480848
0.457836
0.444317
0.441109
0.46148
0.434414
0.493088
0.457088
0.475153
0.41844
0.431193
0.442371
0.462156
0.472764
0.478009
0.45925
0.451294
0.454023
0.457231
0.474456
0.469838
0.475422
0.479313
0.483064
0.472414
0.444317
0.444061
0.459596
0.46017
0.4756
0.478114
0.480247
0.431327
0.463975
0.471065
0.457826
0.442993
0.464397
0.437259
0.426482
0.461203
0.482704
0.453704
0.477675
0.43617
0.44419
0.461187
0.458141
0.462875
0.434483
0.471966
0.456705
0.463303
0.469419
0.494019
0.481008
0.479833
0.484709
0.451702
0.475758
0.441706
0.475096
0.441247
0.482496
0.443936
0.474066
0.461861
0.462585
0.432339
0.459004
0.451945
0.435545
0.484145
0.440122
0.464067
0.451564
0.455378
0.474505
0.45901
0.460516
0.465615
0.470046
0.480488
0.472481
0.499576
0.463008
0.4734
0.444954
0.478908
0.484262
0.464371
0.459848
0.428955
0.455303
0.435632
0.474125
0.472983
0.481312
0.429217
0.416095
0.458746
0.45634
0.473027
0.471648
0.445388
0.446334
0.429664
0.465442
0.485037
0.445727
0.465373
0.449612
0.475862
0.488177
0.451405
0.464231
0.459491
0.456322
0.470033
0.460317
0.469438
0.451886
0.46305
0.471648
0.453704
0.441961
0.45843
0.446101
0.437165
0.463751
0.498044
0.463303
0.469801
0.434902
0.449391
0.457672
0.45042
0.45098
0.453957
0.494279
0.44863
0.465072
0.452055
0.468725
0.447164
0.487033
0.482798
0.437846
0.45948
0.409624
0.463985
0.442708
0.492319
0.475973
0.475973
0.457951
0.480594
0.458238
0.474066
0.471396
0.433486
0.46875
0.448131
0.442661
0.452874
0.476245
0.473684
0.467442
0.462624
0.46368
0.45321
0.441441
0.452381
0.48855
0.452614
0.462917
0.445594
0.471464
0.49555
0.468799
0.446987
0.437259
0.458904
0.451835
0.477498
0.444317
0.502294
0.447315
0.439985
0.428867
0.454996
0.461382
0.495019
0.474797
0.447869
0.470566
0.452946
0.49
0.468894
0.454233
0.435659
0.466974
0.461598
0.469801
0.475591
0.449846
0.46275
0.458949
0.467001
0.454545
0.456505
0.456453
0.485474
0.448625
0.432549
0.425019
0.449541
0.443043
0.440363
0.478583
0.448777
0.457088
0.443656
0.459954
0.453196
0.457854
0.448113
0.45948
0.481609
0.479833
0.449159
0.458904
0.472222
0.462315
0.478642
0.485023
0.438638
0.474505
0.428852
0.474981
0.442169
0.485856
0.451453
0.489655
0.453917
0.468561
0.454685
0.4659
0.465134
0.435015
0.474478
0.439602
0.449541
0.455556
0.471713
0.467508
0.453983
0.437595
0.454288
0.459969
0.47392
0.459016
0.493197
0.47543
0.470417
0.471966
0.456989
0.479724
0.472354
0.464692
0.440201
0.450758
0.429502
0.472477
0.460627
0.472159
0.414401
0.438073
0.461028
0.484018
0.473642
0.472286
0.460473
0.455682
0.459573
0.443421
0.473267
0.466513
0.466819
0.454829
0.481226
0.472095
0.448894
0.464067
0.452326
0.443164
0.476898
0.465995
0.46724
0.461717
0.474389
0.476628
0.452381
0.450749
0.455113
0.447248
0.4351
0.471237
0.470657
0.451724
0.464973
0.433569
0.455479
0.480303
0.463518
0.462657
0.464531
0.467742
0.453852
0.446606
0.464992
0.460223
0.425969
0.472159
0.482759
0.474603
0.454338
0.456284
0.47433
0.407452
0.492372
0.455939
0.47974
0.448777
0.465753
0.441379
0.475806
0.472477
0.433333
0.470085
0.425671
0.423755
0.43908
0.460536
0.435398
0.496899
0.44763
0.464228
0.441358
0.461288
0.476636
0.449958
0.465278
0.458229
0.484959
0.455528
0.487864
0.437152
0.455099
0.444444
0.4836
0.446882
0.458716
0.440367
0.492754
0.466565
0.455657
0.458643
0.475266
0.458232
0.478927
0.465447
0.410198
0.439464
0.442832
0.464167
0.453704
0.468582
0.494186
0.452546
0.481226
0.457285
0.470566
0.461806
0.438029
0.47619
0.445004
0.470925
0.454685
0.465558
0.458909
0.468447
0.461478
0.478193
0.443033
0.461303
0.451702
0.468235
0.455069
0.46092
0.43098
0.454511
0.469178
0.469037
0.447203
0.448395
0.468654
0.452217
0.451294
0.458333
0.440476
0.477519
0.418813
0.466667
0.462315
0.436863
0.458719
0.416667
0.485625
0.453876
0.443542
0.439288
0.470224
0.456488
0.474211
0.474806
0.48446
0.456471
0.448837
0.402326
0.418605
0.457752
0.447022
0.48978
0.428461
0.471675
0.459105
0.453138
0.429621
0.455471
0.45405
0.44389
0.44065
0.438379
0.487654
0.449881
0.488646
0.439252
0.460648
0.452603
0.470747
0.436728
0.454756
0.465535
0.488372
0.451301
0.45
0.468447
0.471771
0.463188
0.49223
0.451049
0.418784
0.424356
0.437995
0.484182
0.459016
0.459596
0.465652
0.452161
0.461927
0.455218
0.466049
0.470854
0.443667
0.465686
0.453518
0.482185
0.449258
0.465615
0.465812
0.46327
0.442338
0.45338
0.416667
0.484202
0.452778
0.458527
0.439147
0.453101
0.427108
0.460853
0.45843
0.467054
0.441686
0.447409
0.468291
0.447674
0.45321
0.441805
0.483064
0.431464
0.482143
0.478345
0.449292
0.449808
0.445652
0.455039
0.456019
0.488479
0.462664
0.490377
0.44483
0.474006
0.477623
0.492636
0.460094
0.451003
0.403935
0.448302
0.471648
0.432796
0.484387
0.416474
0.466011
0.43922
0.456699
0.430331
0.468193
0.462139
0.441374
0.42402
0.440833
0.469771
0.456035
0.469845
0.445736
0.471264
0.44186
0.499234
0.44086
0.442648
0.450561
0.505389
0.448333
0.458045
0.450406
0.46851
0.462693
0.487269
0.452049
0.418578
0.451843
0.442681
0.491167
0.441978
0.448807
0.462315
0.45977
0.477623
0.452603
0.495392
0.477778
0.453488
0.459869
0.451178
0.489707
0.467366
0.465937
0.447287
0.486242
0.437204
0.471384
0.414165
0.481438
0.448413
0.453318
0.442382
0.45843
0.441292
0.478781
0.457951
0.471517
0.42575
0.427419
0.468822
0.462279
0.454685
0.450957
0.4659
0.417445
0.475
0.482719
0.4516
0.441132
0.426908
0.477727
0.461303
0.455556
0.424694
0.475153
0.441244
0.471396
0.487739
0.486207
0.465423
0.449808
0.417241
0.429119
0.466974
0.415326
0.468143
0.420307
0.464228
0.465214
0.464373
0.455143
0.464286
0.464091
0.455193
0.450572
0.441812
0.480488
0.456245
0.486992
0.438314
0.46292
0.45612
0.478593
0.437691
0.442529
0.461382
0.487385
0.466915
0.462156
0.455691
0.482798
0.477236
0.478495
0.440476
0.431731
0.447786
0.444444
0.464751
0.456404
0.458045
0.474747
0.459862
0.469278
0.471771
0.479358
0.478601
0.452161
0.46798
0.454355
0.464683
0.448925
0.469181
0.453533
0.477025
0.4342
0.465517
0.44086
0.481221
0.45873
0.437931
0.450346
0.462452
0.438928
0.453257
0.465675
0.462835
0.454689
0.46445
0.479693
0.448395
0.46445
0.450278
0.453725
0.463836
0.452324
0.472684
0.472022
0.434817
0.441106
0.434765
0.426762
0.465571
0.429305
0.455952
0.429197
0.462227
0.447348
0.454944
0.46747
0.426366
0.452941
0.420616
0.465098
0.445232
0.462121
0.457053
0.455387
0.4395
0.493464
0.435358
0.462542
0.470774
0.460199
0.488646
0.444719
0.454008
0.446988
0.483333
0.446172
0.430751
0.425
0.443404
0.450472
0.45451
0.435818
0.455189
0.477175
0.453113
0.522142
0.431534
0.450363
0.420221
0.42549
0.436286
0.449005
0.442722
0.462875
0.426859
0.439141
0.467703
0.469804
0.473725
0.450794
0.442338
0.450739
0.469048
0.465447
0.479532
0.44011
0.423046
0.433253
0.436754
0.483051
0.469697
0.471101
0.435959
0.486312
0.456938
0.452778
0.462302
0.485063
0.450079
0.501584
0.446651
0.424668
0.448262
0.46205
0.454869
0.456182
0.435837
0.433812
0.462329
0.470498
0.472288
0.45689
0.485524
0.436308
0.436204
0.435808
0.441744
0.451294
0.444061
0.467283
0.456019
0.477273
0.452656
0.469907
0.491413
0.453596
0.466134
0.43649
0.472222
0.464368
0.456404
0.476575
0.452206
0.440395
0.495945
0.453683
0.45375
0.468069
0.44875
0.47561
0.457921
0.46757
0.454009
0.488012
0.430847
0.423341
0.446497
0.451894
0.464231
0.46309
0.444109
0.463005
0.481203
0.456422
0.531301
0.445586
0.461165
0.437309
0.46347
0.448602
0.434167
0.455095
0.463518
0.456488
0.454934
0.464037
0.460336
0.448925
0.454089
0.44751
0.458333
0.471771
0.45045
0.472712
0.450545
0.428904
0.444577
0.441609
0.488208
0.480392
0.471648
0.456202
0.488235
0.460392
0.465197
0.461124
0.480168
0.455143
0.488786
0.462879
0.420653
0.45098
0.473045
0.46412
0.464015
0.463005
0.45754
0.44775
0.475806
0.454365
0.472544
0.469484
0.4414
0.451754
0.448062
0.445216
0.454893
0.436252
0.465584
0.44186
0.466056
0.475309
0.465035
0.475743
0.464037
0.465517
0.430556
0.47433
0.434483
0.443798
0.464203
0.448812
0.440367
0.493932
0.442529
0.444024
0.46115
0.450417
0.481752
0.464345
0.458848
0.449173
0.490719
0.449766
0.443555
0.440749
0.437886
0.461686
0.447773
0.471264
0.435976
0.458238
0.487437
0.454996
0.522654
0.451663
0.45661
0.442542
0.46092
0.451697
0.436409
0.430296
0.452656
0.456488
0.455322
0.469977
0.458716
0.451229
0.447674
0.460465
0.448812
0.470268
0.445261
0.419782
0.461268
0.451437
0.429719
0.474057
0.484277
0.443279
0.469592
0.458138
0.486604
0.465971
0.455814
0.45405
0.45586
0.507263
0.425665
0.491512
0.479167
0.429119
0.455759
0.462156
0.45107
0.431908
0.464314
0.456964
0.468479
0.443639
0.432549
0.463317
0.453571
0.422037
0.451373
0.430885
0.432859
0.419025
0.48053
0.44246
0.468329
0.444444
0.422803
0.459936
0.441292
0.447574
0.458235
0.475352
0.451258
0.445505
0.450545
0.467254
0.432632
0.476132
0.479365
0.46943
0.493512
0.450125
0.456853
0.45462
0.466746
0.445882
0.452324
0.432865
0.444976
0.468458
0.423776
0.467767
0.448868
0.453113
0.450828
0.463615
0.479759
0.432941
0.503659
0.448329
0.438257
0.456072
0.46549
0.44697
0.441812
0.459524
0.462963
0.475177
0.455236
0.44772
0.466981
0.452778
0.453002
0.454887
0.453545
0.429825
0.45599
0.419841
0.452607
0.455449
0.446698
0.448841
0.440847
0.472222
0.46643
0.461085
0.456659
0.493189
0.462227
0.467063
0.456951
0.484706
0.460412
0.490103
0.448627
0.441589
0.463869
0.446651
0.438889
0.442488
0.462104
0.461268
0.434211
0.439569
0.443516
0.429804
0.461324
0.477958
0.448478
0.457455
0.430233
0.484954
0.459311
0.456368
0.466432
0.450429
0.459224
0.43872
0.433178
0.441609
0.471384
0.450545
0.470196
0.469592
0.49005
0.439535
0.480753
0.489362
0.446683
0.464315
0.441938
0.442643
0.442371
0.465571
0.456435
0.432607
0.448235
0.428461
0.422717
0.466667
0.432171
0.458237
0.448916
0.447287
0.454315
0.438657
0.510543
0.434969
0.441748
0.484604
0.438228
0.437173
0.459064
0.451537
0.444833
0.465016
0.478873
0.440031
0.477572
0.463953
0.417058
0.461659
0.473597
0.460118
0.469697
0.438824
0.448235
0.432157
0.464955
0.460111
0.474543
0.437402
0.465423
0.468026
0.484013
0.472222
0.46292
0.474843
0.49031
0.476135
0.491803
0.434988
0.418992
0.46729
0.465584
0.447917
0.483333
0.464659
0.45553
0.476841
0.466895
0.424386
0.427702
0.445355
0.457951
0.458134
0.472095
0.455099
0.469559
0.437452
0.482916
0.427752
0.461009
0.457859
0.438978
0.449074
0.43417
0.434633
0.467125
0.449924
0.471906
0.441995
0.463851
0.456013
0.424769
0.471068
0.484813
0.437553
0.46577
0.435578
0.472764
0.447064
0.466819
0.455265
0.447665
0.430876
0.456621
0.417049
0.443432
0.459285
0.444699
0.479798
0.459098
0.471878
0.463554
0.515815
0.462624
0.453771
0.461655
0.459098
0.437281
0.445553
0.452381
0.448894
0.466821
0.481524
0.470115
0.46987
0.453196
0.443548
0.457471
0.473039
0.4599
0.462918
0.421275
0.454186
0.440749
0.450363
0.456284
0.486822
0.443295
0.439741
0.431442
0.492194
0.478642
0.441896
0.459608
0.484018
0.468869
0.482075
0.449804
0.43135
0.480931
0.454442
0.453577
0.493531
0.442993
0.455426
0.479024
0.480505
0.443389
0.450038
0.448748
0.452381
0.447516
0.469419
0.463387
0.460807
0.41762
0.479119
0.446865
0.457854
0.45042
0.445719
0.45437
0.437452
0.433868
0.46415
0.458429
0.468798
0.441995
0.471842
0.481796
0.433795
0.469106
0.495338
0.447547
0.458537
0.435417
0.467559
0.450249
0.475153
0.445368
0.438107
0.447652
0.458524
0.425287
0.457763
0.461276
0.463303
0.469192
0.470948
0.466501
0.456522
0.504055
0.473242
0.448625
0.466591
0.456705
0.439314
0.44125
0.439954
0.460336
0.449343
0.493072
0.467742
0.454338
0.454062
0.443418
0.446237
0.472973
0.458543
0.464052
0.43341
0.453791
0.456989
0.438511
0.449804
0.45405
0.434866
0.439602
0.454581
0.497653
0.470183
0.435015
0.46423
0.478642
0.466211
0.463303
0.439072
0.436544
0.452708
0.437595
0.457187
0.477117
0.453175
0.453113
0.474629
0.450704
0.426459
0.4395
0.43373
0.455189
0.446314
0.467136
0.457455
0.463785
0.419594
0.486791
0.442097
0.452941
0.472678
0.434664
0.445368
0.442233
0.423318
0.459016
0.46292
0.463785
0.461203
0.489875
0.476783
0.447183
0.463875
0.486635
0.436709
0.467964
0.43985
0.459268
0.431348
0.473396
0.458333
0.437145
0.451537
0.453271
0.431765
0.443925
0.441336
0.458138
0.470313
0.461268
0.459712
0.456284
0.506068
0.485524
0.454802
0.466589
0.455686
0.434649
0.438179
0.455477
0.473068
0.468553
0.48424
0.468553
0.467679
0.449106
0.436228
0.452044
0.49835
0.457393
0.446355
0.426101
0.454295
0.455582
0.44281
0.463357
0.48126
0.441176
0.444836
0.451807
0.494431
0.472613
0.439891
0.473413
0.480874
0.475524
0.484742
0.448657
0.455008
0.467603
0.451713
0.463224
0.480484
0.442308
0.470566
0.454204
0.44102
0.441548
0.430931
0.478142
0.465979
0.448535
0.464853
0.44863
0.450533
0.45
0.44482
0.485126
0.457187
0.450645
0.444064
0.478781
0.452816
0.443689
0.464394
0.45616
0.457859
0.434251
0.459368
0.454399
0.458143
0.462066
0.472805
0.445561
0.48013
0.439469
0.452265
0.447607
0.472159
0.448235
0.433812
0.454789
0.426426
0.425419
0.449735
0.468561
0.476298
0.451741
0.45805
0.473597
0.445318
0.472559
0.452816
0.447689
0.469663
0.462207
0.458549
0.453034
0.44086
0.46553
0.463735
0.466284
0.443432
0.437264
0.421212
0.448157
0.463005
0.462918
0.460735
0.449593
0.445084
0.459502
0.436308
0.44059
0.473068
0.460853
0.45107
0.44053
0.460578
0.481655
0.470252
0.47133
0.46017
0.479638
0.462921
0.484363
0.465343
0.450339
0.462624
0.452596
0.444444
0.432656
0.469517
0.490762
0.455404
0.45042
0.451817
0.467949
0.461268
0.472414
0.455556
0.457768
0.460717
0.469108
0.45586
0.43736
0.486651
0.484363
0.437452
0.427918
0.476135
0.465753
0.455682
0.469628
0.463424
0.458618
0.467433
0.464715
0.453995
0.471526
0.463504
0.48174
0.445142
0.473642
0.443615
0.477805
0.47619
0.481651
0.456368
0.425301
0.446882
0.457111
0.426727
0.457391
0.456636
0.47619
0.465093
0.451784
0.45132
0.446078
0.460643
0.471081
0.441082
0.454783
0.458899
0.467617
0.476309
0.437788
0.472789
0.470611
0.455759
0.457955
0.46901
0.445076
0.447917
0.472222
0.470516
0.470268
0.448248
0.462577
0.444056
0.429664
0.450159
0.4777
0.46729
0.444699
0.467963
0.471116
0.4758
0.453683
0.472031
0.459984
0.465011
0.473842
0.477064
0.46331
0.45222
0.467125
0.445324
0.443689
0.432057
0.451306
0.468326
0.484291
0.462569
0.452435
0.478532
0.449962
0.424782
0.464368
0.450913
0.451685
0.460896
0.451674
0.47521
0.448289
0.444825
0.454893
0.477623
0.464612
0.467572
0.446849
0.464259
0.456439
0.459573
0.445455
0.458838
0.470412
0.466909
0.476568
0.44625
0.469767
0.445688
0.462783
0.478654
0.468119
0.463751
0.466819
0.455939
0.432292
0.450826
0.432268
0.444444
0.47485
0.474041
0.461652
0.45303
0.470297
0.464635
0.466102
0.448602
0.450886
0.4739
0.4462
0.466839
0.478387
0.429724
0.466667
0.458333
0.455172
0.44697
0.467949
0.436886
0.468894
0.483219
0.45925
0.470687
0.459756
0.458141
0.453488
0.437691
0.464598
0.465962
0.462315
0.460245
0.465831
0.477414
0.477308
0.464231
0.475153
0.459491
0.471471
0.460762
0.494661
0.449377
0.459084
0.482116
0.456358
0.45362
0.440449
0.448139
0.493472
0.462293
0.450801
0.46169
0.464555
0.479656
0.471648
0.454365
0.479638
0.44775
0.46148
0.464313
0.429157
0.476682
0.460807
0.454233
0.490847
0.479552
0.465753
0.479308
0.487092
0.473605
0.458143
0.452599
0.468165
0.482647
0.468182
0.450122
0.48715
0.456558
0.468293
0.463009
0.461165
0.466338
0.47931
0.456573
0.430689
0.470046
0.46003
0.431887
0.454374
0.455505
0.478555
0.455128
0.46712
0.450495
0.475169
0.470065
0.449127
0.454288
0.460104
0.450826
0.462629
0.47
0.449309
0.482576
0.454651
0.477064
0.460227
0.470522
0.431663
0.458719
0.455657
0.46683
0.479532
0.467729
0.446882
0.466279
0.424867
0.469444
0.456863
0.462315
0.452708
0.471526
0.482826
0.463396
0.476735
0.473563
0.452436
0.478179
0.466368
0.470498
0.47541
0.461049
0.471648
0.457014
0.441817
0.464579
0.439286
0.49536
0.455479
0.447869
0.471564
0.461568
0.491023
0.483142
0.468026
0.481439
0.485194
0.457382
0.465388
0.413242
0.458429
0.429825
0.440885
0.471081
0.440775
0.458333
0.457382
0.455201
0.451136
0.434091
0.458522
0.466128
0.460336
0.465698
0.481783
0.478049
0.48013
0.432998
0.481392
0.482544
0.480549
0.490535
0.447942
0.445368
0.42369
0.455069
0.450603
0.411697
0.468345
0.478932
0.475973
0.476547
0.467656
0.469884
0.463636
0.488269
0.424755
0.442972
0.466493
0.452816
0.441628
0.432253
0.467978
0.488204
0.447368
0.46851
0.454167
0.471264
0.46553
0.438596
0.43126
0.432796
0.459967
0.434483
0.467808
0.49374
0.459311
0.452599
0.434295
0.449961
0.457653
0.481735
0.481312
0.465262
0.477752
0.429487
0.452326
0.449804
0.482156
0.442542
0.471777
0.449275
0.461364
0.445578
0.47808
0.464766
0.487269
0.460516
0.437215
0.46722
0.457099
0.501171
0.481992
0.480016
0.473485
0.455099
0.46773
0.457859
0.447329
0.443936
0.459954
0.468798
0.449275
0.48071
0.438117
0.470833
0.446849
0.439531
0.48447
0.455606
0.451229
0.4707
0.456013
0.489922
0.475264
0.489051
0.424812
0.473301
0.489194
0.481312
0.517695
0.458132
0.438497
0.437599
0.442685
0.454301
0.461948
0.424694
0.476408
0.490971
0.46697
0.489521
0.45947
0.458333
0.43994
0.480903
0.48301
0.46275
0.466265
0.465664
0.45672
0.467656
0.448878
0.458333
0.484779
0.45364
0.466974
0.45071
0.450845
0.472033
0.454789
0.430492
0.488654
0.466095
0.46292
0.47392
0.44011
0.448478
0.496956
0.442046
0.457555
0.457653
0.43529
0.482496
0.469804
0.491023
0.482496
0.460336
0.44102
0.473045
0.435927
0.460317
0.447587
0.479638
0.461995
0.460896
0.489198
0.455371
0.435312
0.502342
0.455961
0.466507
0.479693
0.479167
0.464231
0.476082
0.449127
0.453852
0.451844
0.460046
0.446987
0.463349
0.434783
0.429385
0.464313
0.437264
0.458618
0.457757
0.477273
0.458838
0.452866
0.472019
0.46987
0.483721
0.450462
0.489887
0.470075
0.510288
0.465615
0.482075
0.451027
0.463366
0.447389
0.43135
0.443182
0.465011
0.456636
0.475549
0.458143
0.467276
0.471122
0.474515
0.465072
0.475904
0.463933
0.468037
0.437171
0.445553
0.483899
0.490129
0.466206
0.480415
0.464506
0.470833
0.454996
0.447846
0.43894
0.445803
0.464751
0.47555
0.45071
0.459311
0.446237
0.436145
0.454406
0.501565
0.455322
0.479072
0.465214
0.484387
0.450079
0.454615
0.484779
0.486364
0.4637
0.427389
0.448131
0.466288
0.464006
0.456538
0.472222
0.467876
0.445967
0.449723
0.484145
0.461276
0.470309
0.44102
0.493755
0.436834
0.484327
0.48126
0.466895
0.455657
0.490868
0.430206
0.46445
0.452164
0.470767
0.469801
0.457285
0.47608
0.453196
0.46292
0.446101
0.456804
0.460557
0.481397
0.475647
0.458434
0.474328
0.457562
0.443038
0.484034
0.472569
0.46577
0.486179
0.489247
0.483219
0.440618
0.456924
0.448157
0.435839
0.423547
0.450533
0.478691
0.489899
0.467963
0.477667
0.465979
0.487024
0.476462
0.463005
0.471208
0.481269
0.450645
0.481579
0.45345
0.476575
0.483219
0.473765
0.471517
0.461303
0.466056
0.449309
0.461568
0.449042
0.454248
0.471475
0.462406
0.448925
0.472354
0.457951
0.434221
0.486729
0.456202
0.458238
0.48627
0.439322
0.4879
0.463685
0.47521
0.47831
0.474118
0.430969
0.443812
0.465882
0.464912
0.452164
0.48894
0.472983
0.438737
0.469913
0.443561
0.462664
0.467142
0.460336
0.467213
0.479592
0.48126
0.462069
0.459368
0.47521
0.453471
0.449886
0.450958
0.457583
0.46987
0.464751
0.455916
0.477829
0.485606
0.467656
0.486425
0.486364
0.461276
0.462835
0.460761
0.492099
0.48937
0.4911
0.472416
0.501671
0.475728
0.50125
0.454065
0.469884
0.442201
0.499235
0.47235
0.465781
0.451564
0.463341
0.469902
0.455229
0.456358
0.489583
0.449127
0.503309
0.482576
0.487429
0.462963
0.464773
0.468561
0.497372
0.462594
0.444589
0.494673
0.464973
0.453533
0.495746
0.465231
0.480258
0.47652
0.475379
0.493103
0.454248
0.477806
0.488971
0.460187
0.445469
0.442396
0.46875
0.5
0.478039
0.457373
0.492009
0.46
0.478039
0.480549
0.492737
0.479021
0.49811
0.481312
0.478179
0.450603
0.494914
0.454853
0.457002
0.466288
0.472097
0.449327
0.451886
0.447468
0.474663
0.465373
0.460227
0.466432
0.489683
0.452982
0.45624
0.489726
0.451025
0.455479
0.458806
0.465214
0.465072
0.460627
0.482075
0.459877
0.457763
0.490487
0.480594
0.496956
0.462035
0.446497
0.480226
0.4875
0.499616
0.497561
0.503788
0.478583
0.488646
0.508313
0.45813
0.472291
0.509535
0.449961
0.465144
0.469278
0.467498
0.46309
0.479167
0.468182
0.458428
0.480924
0.458143
0.528122
0.492441
0.51541
0.462329
0.454988
0.497355
0.472603
0.454625
0.482959
0.471582
0.494685
0.501929
0.451886
0.470115
0.47793
0.45947
0.461214
0.488914
0.434393
0.467836
0.476365
0.457373
0.465802
0.44419
0.465378
0.4879
0.516279
0.45977
0.487092
0.479216
0.471897
0.491609
0.498853
0.465262
0.484091
0.481104
0.486651
0.491023
0.443432
0.463387
0.458806
0.479545
0.473485
0.456453
0.463851
0.460465
0.460336
0.465558
0.455961
0.46292
0.44419
0.46571
0.48627
0.455378
0.441648
0.455759
0.453683
0.454789
0.464992
0.467433
0.479405
0.45437
0.450038
0.482375
0.478976
0.491571
0.452326
0.452816
0.472087
0.484779
0.480324
0.471883
0.469626
0.494924
0.492934
0.48207
0.458537
0.459057
0.44881
0.504969
0.468523
0.469349
0.465517
0.458618
0.467276
0.463768
0.486869
0.452816
0.45604
0.510753
0.501214
0.470387
0.461774
0.435523
0.475862
0.485194
0.449123
0.469659
0.495423
0.470362
0.4942
0.470046
0.482798
0.477117
0.462243
0.448037
0.484674
0.44226
0.467001
0.481255
0.451229
0.453397
0.455275
0.46933
0.483959
0.491473
0.455172
0.488914
0.479068
0.478482
0.475535
0.499618
0.45451
0.4836
0.468489
0.493516
0.49098
0.443555
0.466819
0.446728
0.468489
0.468345
0.461203
0.451894
0.476135
0.458333
0.462391
0.467994
0.45634
0.458525
0.468501
0.485889
0.442542
0.445586
0.460336
0.457955
0.454789
0.452708
0.463602
0.464424
0.478593
0.461861
0.485194
0.479452
0.487443
0.474066
0.451613
0.488231
0.468447
0.475806
0.484553
0.491023
0.494108
0.487398
0.503759
0.450406
0.473466
0.508429
0.445103
0.461982
0.464171
0.459573
0.45303
0.483295
0.473045
0.452164
0.490937
0.52316
0.472286
0.483712
0.512632
0.45
0.473303
0.46347
0.49697
0.45888
0.47619
0.481312
0.45458
0.488399
0.471901
0.458904
0.480843
0.466211
0.449962
0.488863
0.44567
0.497133
0.466918
0.458235
0.425115
0.437931
0.451977
0.508159
0.486275
0.458141
0.488231
0.488654
0.453333
0.481609
0.48659
0.464481
0.489773
0.462879
0.487739
0.450913
0.497261
0.46553
0.45604
0.480303
0.470767
0.450676
0.467816
0.43552
0.481651
0.46564
0.484387
0.430618
0.452153
0.445469
0.446347
0.468561
0.463933
0.448894
0.474388
0.455882
0.456522
0.445211
0.478009
0.459191
0.451294
0.472789
0.449735
0.451136
0.454615
0.457763
0.456416
0.452003
0.489911
0.475591
0.47733
0.477078
0.485833
0.454988
0.4756
0.46966
0.458726
0.460627
0.465438
0.448718
0.457014
0.431126
0.464773
0.451247
0.466466
0.465152
0.473185
0.457014
0.494728
0.452489
0.462693
0.466438
0.466742
0.442062
0.438207
0.457083
0.439117
0.448925
0.444316
0.485305
0.4452
0.451294
0.480682
0.437644
0.457516
0.457854
0.48366
0.451424
0.474178
0.448157
0.452209
0.454406
0.464646
0.481176
0.450379
0.456705
0.480047
0.470726
0.487739
0.481269
0.473228
0.45843
0.466361
0.456734
0.43447
0.447697
0.453893
0.493516
0.444193
0.465608
0.457143
0.449735
0.468126
0.463183
0.477012
0.497653
0.447348
0.440048
0.464286
0.476788
0.457569
0.447608
0.477498
0.462538
0.467876
0.45107
0.454511
0.483759
0.472414
0.465608
0.444954
0.452273
0.452923
0.445977
0.461774
0.463592
0.462879
0.487024
0.485092
0.473064
0.480919
0.492481
0.461382
0.481758
0.461071
0.455453
0.457647
0.464257
0.459584
0.431731
0.45947
0.483295
0.442933
0.478916
0.468417
0.467822
0.462963
0.489024
0.45616
0.485772
0.463685
0.479545
0.453243
0.448622
0.448216
0.445586
0.456505
0.453917
0.48876
0.436742
0.448395
0.452932
0.481017
0.455837
0.458231
0.457705
0.486864
0.479608
0.440339
0.452209
0.444444
0.468069
0.464623
0.470498
0.454062
0.479313
0.47098
0.468966
0.481226
0.476515
0.470016
0.478879
0.460784
0.425379
0.452157
0.463719
0.489272
0.465909
0.44721
0.450278
0.451357
0.468582
0.479858
0.464832
0.445701
0.492194
0.45187
0.451613
0.493561
0.461861
0.466591
0.452326
0.461391
0.464178
0.445843
0.44751
0.450038
0.471384
0.447368
0.459562
0.438636
0.451405
0.461774
0.455378
0.474515
0.461073
0.502023
0.467201
0.465155
0.457944
0.471545
0.479583
0.493383
0.463188
0.443789
0.464368
0.457471
0.460337
0.424867
0.473982
0.461655
0.460695
0.453453
0.45634
0.462871
0.466892
0.436795
0.48824
0.450406
0.466056
0.468939
0.445824
0.456558
0.448351
0.463048
0.441781
0.4447
0.492266
0.435985
0.438356
0.443418
0.476462
0.471648
0.464461
0.470997
0.454774
0.4777
0.46275
0.451122
0.438073
0.477647
0.475136
0.45
0.447893
0.484742
0.469092
0.481992
0.474713
0.45814
0.469766
0.48659
0.471783
0.440665
0.445745
0.455026
0.467508
0.459653
0.480015
0.460621
0.45977
0.44457
0.482581
0.456422
0.494914
0.45994
0.454147
0.450192
0.457951
0.483295
0.443939
0.454338
0.444699
0.463801
0.456522
0.456804
0.46365
0.454789
0.462963
0.446865
0.440665
0.442045
0.450192
0.444317
0.446712
0.477751
0.499595
0.467201
0.468094
0.462315
0.48
0.469181
0.476783
0.451744
0.450588
0.430651
0.456731
0.465743
0.41495
0.472033
0.458333
0.457391
0.448368
0.457958
0.471947
0.464097
0.48013
0.449472
0.456204
0.46148
0.465909
0.444695
0.460417
0.443142
0.438497
0.449962
0.454301
0.479892
0.428949
0.440749
0.442648
0.464015
0.478544
0.477533
0.463964
0.454774
0.460094
0.455735
0.444311
0.428353
0.48014
0.465098
0.449506
0.444828
0.484387
0.46902
0.480505
0.44763
0.458333
0.451437
0.469349
0.47216
0.431217
0.43098
0.449095
0.456804
0.445701
0.47619
0.447222
0.479469
0.457224
0.456486
0.415854
0.439357
0.472906
0.473769
0.432842
0.460665
0.479968
0.46626
0.44621
0.460376
0.459921
0.454472
0.487368
0.423763
0.469697
0.427711
0.440534
0.465378
0.467153
0.46903
0.48746
0.465458
0.478817
0.491272
0.43765
0.463768
0.465041
0.501225
0.449875
0.447477
0.45368
0.472016
0.468623
0.466421
0.410412
0.431873
0.430288
0.464659
0.460621
0.441456
0.458734
0.471631
0.46988
0.506944
0.472087
0.427873
0.461165
0.471955
0.442721
0.456449
0.457143
0.468042
0.433661
0.466503
0.472973
0.494754
0.447135
0.436023
0.459547
0.489557
0.449878
0.453612
0.484428
0.446715
0.468878
0.463325
0.483293
0.480514
0.453545
0.440913
0.435929
0.495875
0.453252
0.454248
0.476016
0.494404
0.467716
0.475143
0.476874
0.425881
0.44431
0.461044
0.48207
0.458134
0.477456
0.454657
0.459459
0.461774
0.465954
0.439256
0.432656
0.489071
0.452982
0.46746
0.450152
0.463424
0.445205
0.463258
0.461861
0.449813
0.463174
0.477117
0.480324
0.438215
0.45098
0.452164
0.475922
0.442424
0.457666
0.472727
0.457583
0.474576
0.50686
0.462415
0.465833
0.465812
0.445553
0.498783
0.481893
0.447689
0.467451
0.495805
0.456221
0.414673
0.443303
0.441309
0.472474
0.445195
0.46637
0.46012
0.473605
0.481848
0.508475
0.459562
0.455682
0.476594
0.439462
0.455882
0.467581
0.456072
0.43432
0.452381
0.450845
0.496142
0.479638
0.447348
0.485606
0.443932
0.481255
0.457187
0.470343
0.469845
0.447552
0.439708
0.461018
0.470566
0.486434
0.474629
0.443939
0.463602
0.445745
0.496877
0.476408
0.481269
0.478555
0.465584
0.480931
0.464499
0.453942
0.433934
0.465465
0.484363
0.42809
0.482318
0.455661
0.44763
0.453533
0.473144
0.456303
0.47457
0.452326
0.450545
0.463492
0.439288
0.5
0.466206
0.458333
0.459783
0.449358
0.446249
0.477132
0.42034
0.471373
0.438737
0.434799
0.455939
0.453957
0.458237
0.472671
0.480296
0.458333
0.495955
0.448224
0.459268
0.452326
0.442371
0.478612
0.456183
0.465928
0.457154
0.478682
0.449377
0.447642
0.427688
0.426773
0.449242
0.467276
0.442269
0.462243
0.460637
0.485092
0.511272
0.450192
0.47992
0.440092
0.459862
0.446456
0.458022
0.4503
0.46467
0.436378
0.45843
0.46892
0.463387
0.454301
0.448569
0.459387
0.48533
0.460853
0.480081
0.469925
0.440586
0.438329
0.442993
0.459207
0.46643
0.46305
0.459969
0.463953
0.493302
0.432941
0.474806
0.469838
0.457187
0.470679
0.487985
0.481481
0.441534
0.442368
0.437595
0.474865
0.469801
0.418375
0.415677
0.462794
0.463602
0.460993
0.421659
0.49061
0.425758
0.472222
0.444702
0.447389
0.465152
0.471713
0.455069
0.465054
0.469219
0.443932
0.454965
0.490654
0.421275
0.454062
0.457471
0.456916
0.440122
0.468437
0.473624
0.439565
0.49674
0.507282
0.448081
0.463425
0.45155
0.503641
0.46476
0.472085
0.452323
0.490377
0.480392
0.464341
0.430056
0.438556
0.445455
0.440557
0.461364
0.470238
0.471212
0.472153
0.462709
0.508032
0.466819
0.468726
0.475502
0.472665
0.426217
0.447631
0.457155
0.434401
0.464341
0.460354
0.499614
0.483295
0.449011
0.43287
0.458047
0.43495
0.469438
0.483292
0.474453
0.448302
0.441725
0.471836
0.465954
0.482353
0.474178
0.449808
0.453149
0.515649
0.451991
0.46875
0.46851
0.48937
0.47338
0.476727
0.471901
0.430995
0.437305
0.45616
0.486528
0.480638
0.433258
0.465954
0.482536
0.45901
0.470008
0.460599
0.440671
0.45303
0.463007
0.454893
0.444951
0.467876
0.451945
0.453577
0.428517
0.469595
0.452923
0.485889
0.453811
0.433181
0.461948
0.438258
0.454442
0.476354
0.464203
0.470899
0.467794
0.45222
0.489024
0.449657
0.454355
0.481352
0.457403
0.472358
0.43448
0.477346
0.487443
0.433096
0.457854
0.462158
0.444317
0.446334
0.457014
0.459368
0.467662
0.451091
0.466501
0.461948
0.488701
0.463685
0.46256
0.447348
0.462794
0.467342
0.458541
0.46658
0.474563
0.435632
0.450575
0.447917
0.479879
0.484434
0.465054
0.453683
0.453023
0.466056
0.449716
0.464912
0.456605
0.45121
0.444045
0.439741
0.491085
0.478142
0.467582
0.44508
0.471507
0.433176
0.480887
0.461655
0.493939
0.464564
0.493531
0.468397
0.471277
0.460187
0.455026
0.459665
0.449358
0.475702
0.463665
0.466967
0.442278
0.452325
0.460896
0.450562
0.446916
0.457641
0.457187
0.451025
0.466967
0.458238
0.477324
0.449772
0.463542
0.479119
0.475647
0.466128
0.438117
0.464259
0.45
0.459551
0.461161
0.450533
0.464853
0.473027
0.451529
0.491546
0.457391
0.465833
0.449343
0.450786
0.477401
0.48913
0.462735
0.484399
0.449139
0.446172
0.451724
0.452434
0.464313
0.470917
0.45458
0.475601
0.465093
0.457863
0.479424
0.458145
0.484337
0.451311
0.46747
0.453229
0.468774
0.464867
0.455224
0.463602
0.470965
0.461034
0.457666
0.498492
0.494369
0.465054
0.460784
0.44458
0.44863
0.453771
0.473333
0.464892
0.458909
0.44616
0.461861
0.474031
0.466823
0.468939
0.452055
0.469237
0.452492
0.473303
0.460896
0.496246
0.484954
0.466514
0.488493
0.474215
0.478632
0.448315
0.468798
0.460015
0.466592
0.451422
0.462709
0.450116
0.455159
0.456422
0.413537
0.447368
0.459233
0.452271
0.431957
0.466211
0.443173
0.45107
0.4447
0.468632
0.464832
0.47931
0.458527
0.456705
0.461655
0.433257
0.439878
0.441896
0.475751
0.458429
0.491484
0.492647
0.453409
0.448363
0.461303
0.450586
0.480047
0.447064
0.45436
0.436263
0.467073
0.453041
0.488095
0.446865
0.450767
0.44898
0.4414
0.455823
0.435227
0.459784
0.451625
0.507761
0.462709
0.446472
0.470633
0.453196
0.460807
0.455611
0.46712
0.485474
0.45785
0.423211
0.479405
0.417052
0.470679
0.43876
0.460278
0.459387
0.450739
0.435693
0.445755
0.458045
0.46095
0.472712
0.494159
0.461124
0.477169
0.447389
0.44902
0.475236
0.484639
0.438799
0.512528
0.462569
0.480799
0.449042
0.482916
0.447727
0.474629
0.454649
0.467045
0.449761
0.461961
0.457471
0.476735
0.472598
0.449924
0.455371
0.474563
0.445745
0.436562
0.453682
0.461391
0.43379
0.48048
0.458428
0.477601
0.460046
0.462798
0.483675
0.480974
0.46875
0.439117
0.463589
0.400152
0.461336
0.45616
0.486651
0.455682
0.470541
0.436987
0.502421
0.464672
0.452866
0.454809
0.468605
0.464286
0.482605
0.43975
0.474576
0.453257
0.495423
0.442161
0.433413
0.442192
0.448198
0.438053
0.452274
0.464198
0.45045
0.495169
0.465764
0.474638
0.446833
0.465011
0.453933
0.459268
0.470522
0.466592
0.460627
0.456838
0.484951
0.424731
0.469278
0.454089
0.461695
0.481859
0.45
0.450869
0.459491
0.454233
0.447472
0.477917
0.486822
0.465054
0.473106
0.450801
0.457944
0.476971
0.477117
0.46148
0.496238
0.453942
0.471396
0.479866
0.45624
0.443572
0.474211
0.460104
0.473586
0.435867
0.482866
0.46148
0.475225
0.449962
0.446865
0.457053
0.482838
0.464091
0.429805
0.390736
0.465517
0.44863
0.465309
0.404762
0.466591
0.427321
0.47571
0.42618
0.457187
0.46875
0.425799
0.390271
0.410198
0.428894
0.402715
0.458429
0.430904
0.474173
0.460548
0.439565
0.460637
0.421212
0.43864
0.490719
0.458333
0.468523
0.439216
0.46095
0.415326
0.432494
0.399543
0.43805
0.430995
0.439189
0.445598
0.43221
0.44856
0.449735
0.464976
0.470721
0.448749
0.437783
0.440799
0.450826
0.457606
0.465231
0.446347
0.457951
0.408031
0.443943
0.437404
0.451613
0.446373
0.467808
0.482156
0.463415
0.458145
0.453768
0.452708
0.464514
0.471596
0.449106
0.431644
0.476136
0.453746
0.509368
0.435055
0.460717
0.441266
0.454853
0.456386
0.483982
0.462624
0.430399
0.439804
0.425754
0.411036
0.437967
0.429533
0.434579
0.47831
0.456734
0.460873
0.455275
0.463751
0.460717
0.419984
0.439189
0.409127
0.457471
0.449772
0.482733
0.406274
0.469628
0.428463
0.466816
0.450913
0.451945
0.435185
0.425799
0.395034
0.403729
0.457958
0.377451
0.451294
0.417236
0.495157
0.461755
0.455531
0.453333
0.403469
0.446517
0.471384
0.439506
0.466505
0.443922
0.475443
0.426054
0.444317
0.408676
0.461231
0.411787
0.446321
0.452802
0.473468
0.458025
0.449586
0.459036
0.48307
0.417874
0.454374
0.429864
0.477102
0.44389
0.450869
0.44053
0.467125
0.419674
0.456456
0.427419
0.448157
0.439043
0.47881
0.446591
0.456098
0.46908
0.462104
0.461098
0.475794
0.455723
0.472805
0.447773
0.46553
0.448777
0.480874
0.410407
0.449657
0.427155
0.452596
0.461749
0.488558
0.435581
0.461187
0.420974
0.432485
0.422846
0.461969
0.453682
0.440421
0.458143
0.452596
0.45994
0.446237
0.44602
0.469801
0.411972
0.444947
0.406126
0.451116
0.471396
0.46908
0.395596
0.438978
0.435015
0.474532
0.462156
0.462069
0.406419
0.409992
0.390143
0.417047
0.462378
0.404545
0.456804
0.445205
0.500809
0.469595
0.455502
0.422902
0.467001
0.481395
0.4468
0.453479
0.430041
0.456013
0.462353
0.417625
0.430492
0.450321
0.414188
0.445324
0.388763
0.426051
0.459446
0.431217
0.445132
0.478884
0.451977
0.470522
0.429782
0.479261
0.427602
0.473744
0.44375
0.425258
0.46697
0.433795
0.462835
0.430233
0.472033
0.468182
0.448037
0.444318
0.476716
0.449425
0.437653
0.456558
0.471705
0.438414
0.472554
0.471264
0.475467
0.393725
0.465072
0.420872
0.487872
0.454617
0.4659
0.445594
0.457294
0.437114
0.489272
0.467041
0.447823
0.449766
0.457863
0.460245
0.445195
0.461451
0.455159
0.445336
0.484234
0.457841
0.465072
0.440671
0.422097
0.39232
0.454128
0.458238
0.462462
0.427438
0.454442
0.447108
0.485119
0.439636
0.473684
0.463818
0.410402
0.385135
0.415152
0.453558
0.41365
0.485507
0.440665
0.503221
0.440343
0.495169
0.402935
0.47
0.451276
0.449959
0.46368
0.477053
0.436371
0.463224
0.433409
0.425287
0.437799
0.42407
0.443446
0.413664
0.477629
0.435294
0.472973
0.468724
0.492852
0.467068
0.440045
0.447665
0.460674
0.457207
0.472348
0.45937
0.425641
0.442685
0.438314
0.435545
0.429784
0.455229
0.468326
0.43702
0.451735
0.450533
0.46577
0.472083
0.455393
0.473765
0.459677
0.49327
0.459191
0.472093
0.438329
0.451136
0.408676
0.469626
0.439252
0.462243
0.431887
0.486832
0.439954
0.488204
0.477307
0.449292
0.442502
0.473468
0.471461
0.428625
0.453829
0.457346
0.460957
0.438707
0.392857
0.489478
0.478589
0.438819
0.469773
0.461603
0.443182
0.487374
0.469353
0.468514
0.474391
0.497054
0.486986
0.478426
0.483966
0.436387
0.482323
0.477273
0.507595
0.485269
0.442308
0.492443
0.51431
0.495058
0.470118
0.397337
0.484467
0.394576
0.455808
0.420085
0.471622
0.436161
0.456118
0.493127
0.47775
0.46489
0.439547
0.486076
0.441077
0.448783
0.481528
0.49209
0.459175
0.395434
0.459175
0.435185
0.496641
0.477215
0.489057
0.439509
0.496222
0.462447
0.516878
0.474915
0.533927
0.423822
0.47691
0.463713
0.47733
0.473132
0.486395
0.436287
0.436448
0.428694
0.460338
0.480591
0.453165
0.47758
0.427164
0.359362
0.459596
0.448261
0.451709
0.486429
0.418556
0.460438
0.429714
0.449495
0.49577
0.462447
0.469353
0.483207
0.50463
0.503367
0.489505
0.494515
0.481108
0.461939
0.473494
0.40546
0.484776
0.43301
0.47751
0.481884
0.468927
0.501603
0.459839
0.471084
0.481571
0.498792
0.493205
0.495192
0.472222
0.480723
0.449593
0.486811
0.497202
0.499597
0.504418
0.455691
0.517986
0.524038
0.488065
0.386949
0.46234
0.481928
0.42432
0.459869
0.429714
0.449959
0.470865
0.446457
0.485703
0.47555
0.478208
0.454327
0.512077
0.452724
0.458833
0.450839
0.466019
0.467949
0.41274
0.481928
0.426699
0.504407
0.456098
0.487179
0.438956
0.502798
0.474327
0.476942
0.533011
0.444847
0.538118
0.458535
0.485944
0.470753
0.480369
0.437702
0.497922
0.448911
0.438792
0.506039
0.47992
0.486312
0.470782
0.4
0.434232
0.473366
0.442708
0.481209
0.451508
0.455314
0.428514
0.483494
0.457532
0.492006
0.469404
0.49759
0.473092
0.504819
0.512019
0.459036
0.521982
0.500809
0.461608
0.471996
0.498168
0.397045
0.488257
0.44506
0.481994
0.486376
0.459596
0.467844
0.467668
0.472527
0.487179
0.498649
0.500916
0.452447
0.430939
0.497245
0.45935
0.467033
0.499094
0.454007
0.45442
0.483105
0.491124
0.494128
0.412568
0.475676
0.486722
0.391344
0.461644
0.412088
0.451923
0.489279
0.451253
0.451197
0.444598
0.463315
0.465659
0.455285
0.454133
0.436766
0.464628
0.481835
0.413947
0.48103
0.452968
0.468665
0.5
0.487838
0.473973
0.444142
0.467682
0.486972
0.473538
0.489498
0.506002
0.438935
0.462761
0.467668
0.473133
0.494048
0.431963
0.48489
0.45467
0.443831
0.465374
0.472597
0.477477
0.460866
0.432864
0.3837
0.43306
0.461219
0.45098
0.482743
0.419192
0.451331
0.473206
0.485054
0.46496
0.459945
0.46206
0.48725
0.488225
0.485308
0.490063
0.477868
0.453832
0.451005
0.465155
0.38389
0.488974
0.491625
0.434019
0.505063
0.479487
0.492772
0.491206
0.465649
0.486076
0.489822
0.486733
0.49279
0.47449
0.44789
0.484269
0.48855
0.474102
0.500418
0.464557
0.448423
0.488579
0.519119
0.485922
0.487977
0.420573
0.400947
0.478372
0.42517
0.483461
0.4677
0.471698
0.479434
0.462489
0.439589
0.475651
0.475403
0.45268
0.460218
0.45719
0.472313
0.475293
0.423497
0.474811
0.436548
0.475589
0.484269
0.480368
0.451301
0.47384
0.488007
0.47735
0.493557
0.491983
0.497016
0.444587
0.465155
0.45424
0.490221
0.487764
0.489371
0.447124
0.464752
0.447837
0.466667
0.484147
0.454817
0.483002
0.394826
0.424479
0.445008
0.471441
0.475589
0.451335
0.42432
0.440204
0.456759
0.485306
0.453538
0.476368
0.460614
0.505063
0.470162
0.523275
0.511638
0.486181
0.466667
0.483449
0.450588
0.469298
0.48804
0.462657
0.423963
0.427184
0.439569
0.463902
0.471451
0.427469
0.437114
0.44031
0.455453
0.482679
0.459969
0.436286
0.426097
0.432328
0.420123
0.484532
0.446759
0.440281
0.436252
0.483333
0.476905
0.448478
0.493827
0.477292
0.461871
0.439127
0.46749
0.479885
0.47
0.428857
0.467667
0.430147
0.454756
0.431871
0.454301
0.456505
0.459677
0.461538
0.43702
0.476667
0.479167
0.480344
0.420139
0.461916
0.441109
0.439708
0.423047
0.426065
0.436252
0.45766
0.453654
0.456573
0.465584
0.461894
0.432485
0.450346
0.464564
0.458237
0.476368
0.478548
0.462025
0.467226
0.45553
0.429156
0.424383
0.479656
0.479414
0.44483
0.466435
0.452267
0.46
0.466744
0.473056
0.5
0.453461
0.479263
0.467358
0.473318
0.412906
0.463048
0.428406
0.426482
0.425327
0.43755
0.463415
0.464783
0.449583
0.462644
0.441419
0.50813
0.474647
0.506601
0.514706
0.484886
0.475082
0.474548
0.511934
0.454988
0.4914
0.470782
0.448718
0.46724
0.478049
0.457925
0.491422
0.476307
0.48652
0.490924
0.501305
0.517437
0.363248
0.482927
0.438642
0.496716
0.459201
0.461408
0.472366
0.464777
0.464286
0.500416
0.482217
0.489112
0.489405
0.486585
0.48374
0.472358
0.499478
0.474858
0.345022
0.49511
0.469363
0.333757
0.467769
0.49878
0.439837
0.500409
0.511314
0.490696
0.526144
0.479452
0.476073
0.472428
0.493464
0.504505
0.474138
0.49348
0.484615
0.423645
0.452685
0.460192
0.481481
0.502475
0.469276
0.530864
0.360067
0.419554
0.46088
0.487654
0.470343
0.482544
0.450206
0.481982
0.44878
0.457202
0.464696
0.475669
0.475143
0.505733
0.498783
0.468391
0.484185
0.465363
0.510779
0.459311
0.490829
0.452323
0.464539
0.433172
0.500782
0.466338
0.501185
0.505503
0.473995
0.49687
0.476808
0.472613
0.50079
0.48978
0.467297
0.437055
0.478723
0.490196
0.46934
0.494497
0.489804
0.48568
0.513365
0.451128
0.5
0.463492
0.333748
0.432994
0.482329
0.445865
0.444444
0.472858
0.48625
0.503252
0.432859
0.492082
0.487977
0.477147
0.474902
0.448627
0.469412
0.519427
0.452549
0.496471
0.362228
0.466745
0.394583
0.485417
0.483959
0.47327
0.503152
0.483997
0.494002
0.472371
0.516509
0.484561
0.434852
0.498435
0.485816
0.502784
0.488627
0.451537
0.478535
0.455808
0.441176
0.464573
0.507918
0.451613
0.516983
0.425747
0.366507
0.465882
0.492891
0.483494
0.497175
0.461387
0.472354
0.44902
0.484628
0.463751
0.490632
0.494337
0.495294
0.492974
0.466115
0.503903
0.470657
0.477887
0.419797
0.471582
0.405048
0.483449
0.466981
0.458525
0.471065
0.460048
0.48037
0.449074
0.441878
0.447267
0.471065
0.488863
0.480031
0.493426
0.404206
0.476852
0.445862
0.45535
0.502315
0.501157
0.448748
0.485023
0.464203
0.476307
0.457202
0.429742
0.477201
0.379369
0.380892
0.441564
0.400335
0.489353
0.486378
0.436728
0.482946
0.430725
0.472608
0.450845
0.442263
0.436875
0.46359
0.463134
0.416667
0.491512
0.476716
0.49537
0.459459
0.483103
0.455916
0.463349
0.439966
0.475806
0.486528
0.434667
0.482599
0.387072
0.455633
0.47652
0.474747
0.430716
0.434648
0.504136
0.491561
0.412129
0.488809
0.484496
0.461601
0.472931
0.441315
0.411742
0.465278
0.458237
0.445498
0.460526
0.448807
0.421682
0.510008
0.487698
0.48037
0.476575
0.455633
0.453175
0.491551
0.454196
0.446882
0.473118
0.474021
0.492566
0.455975
0.439793
0.445098
0.453113
0.443013
0.427083
0.4375
0.461659
0.476135
0.456182
0.442488
0.432783
0.483607
0.451878
0.474783
0.43373
0.434902
0.41451
0.421362
0.426667
0.440923
0.434127
0.447697
0.481712
0.45266
0.47578
0.409233
0.468274
0.455294
0.440417
0.486179
0.488304
0.450663
0.460784
0.470753
0.444579
0.462175
0.425314
0.434817
0.431304
0.446401
0.456499
0.441062
0.451105
0.46902
0.478508
0.47098
0.410599
0.443271
0.454009
0.455294
0.419984
0.455943
0.458431
0.429453
0.465245
0.460506
0.471897
0.475236
0.464397
0.472287
0.441292
0.446634
0.456291
0.453936
0.471496
0.468947
0.49185
0.464145
0.442185
0.463665
0.477647
0.409771
0.475619
0.429888
0.456573
0.461176
0.474961
0.461599
0.50313
0.472678
0.461871
0.461871
0.446009
0.437549
0.433725
0.45892
0.47494
0.49469
0.441032
0.438226
0.427109
0.424318
0.441176
0.440622
0.428807
0.455065
0.479475
0.46798
0.461507
0.430864
0.50163
0.454657
0.470782
0.447347
0.433661
0.412151
0.42402
0.43514
0.442118
0.475062
0.445803
0.438726
0.472585
0.485269
0.423014
0.43407
0.455527
0.427609
0.460905
0.492544
0.420813
0.471596
0.449222
0.450786
0.447584
0.438834
0.45436
0.433007
0.434641
0.463576
0.451915
0.449821
0.479064
0.474897
0.457613
0.404762
0.477533
0.449918
0.451149
0.438875
0.445004
0.459869
0.436404
0.459471
0.459158
0.470516
0.485185
0.454136
0.484477
0.4617
0.464609
0.441957
0.435511
0.472563
0.485149
0.475833
0.466667
0.440267
0.447174
0.478243
0.41358
0.470906
0.434494
0.455665
0.464373
0.486111
0.453795
0.510238
0.45762
0.433251
0.478654
0.434232
0.450041
0.456593
0.430794
0.479475
0.453052
0.493798
0.456161
0.439394
0.449729
0.450355
0.456435
0.42134
0.457077
0.503497
0.462227
0.447164
0.476852
0.437158
0.45969
0.493007
0.434261
0.445227
0.409091
0.418407
0.431464
0.461449
0.476415
0.450889
0.487305
0.455143
0.501235
0.429517
0.449922
0.466497
0.487745
0.449005
0.431276
0.470297
0.454473
0.456488
0.431304
0.434466
0.427519
0.44946
0.426357
0.446373
0.460784
0.452823
0.47384
0.473643
0.476886
0.452103
0.466357
0.436179
0.462016
0.423287
0.451787
0.44213
0.452507
0.465197
0.448598
0.471184
0.479021
0.477855
0.450935
0.477132
0.452991
0.458436
0.450285
0.441374
0.485558
0.480253
0.467886
0.465116
0.460111
0.459119
0.471251
0.408915
0.44881
0.473601
0.459112
0.445349
0.493039
0.438679
0.502331
0.463735
0.480963
0.446009
0.425194
0.456099
0.447287
0.453488
0.47852
0.491188
0.464091
0.45187
0.447773
0.440141
0.457471
0.446457
0.416667
0.475862
0.467667
0.470498
0.455556
0.453149
0.495795
0.44636
0.488123
0.459293
0.443542
0.43702
0.427586
0.466974
0.448807
0.455997
0.435632
0.474713
0.470803
0.513136
0.412199
0.449139
0.469813
0.499181
0.463149
0.497148
0.445553
0.464683
0.474981
0.484182
0.446748
0.457088
0.470115
0.463685
0.456322
0.460153
0.465851
0.479322
0.466974
0.480488
0.478927
0.419315
0.476628
0.475038
0.449192
0.448204
0.453746
0.454023
0.463307
0.466206
0.46875
0.473563
0.462366
0.457364
0.469349
0.447195
0.486528
0.460082
0.453936
0.4821
0.464892
0.482114
0.439708
0.489486
0.477987
0.46659
0.41321
0.455399
0.430556
0.479263
0.485441
0.493103
0.480206
0.536482
0.475535
0.453397
0.490783
0.466361
0.437404
0.439602
0.467433
0.474543
